3.1622776601683795
3.1622776601683795
3.1622776601683795
4.0
3.1622776601683795
4.123105625617661
2.0
4.0
3.1622776601683795
4.123105625617661
3.1622776601683795
4.123105625617661
4.123105625617661
3.0
4.123105625617661
3.0
3.1622776601683795
3.1622776601683795
4.47213595499958
4.47213595499958
8.48528137423857
8.06225774829855
7.211102550927978
6.324555320336759
20.223748416156685
23.194827009486403
24.0
23.021728866442675
22.090722034374522
22.360679774997898
20.615528128088304
20.591260281974
20.591260281974
52.3450093132096
53.33854141237835
54.45181356024793
55.326304774492215
56.32051136131489
55.226805085936306
54.3323108288245
52.3450093132096
50.24937810560445
48.373546489791295
48.373546489791295
49.49747468305833
50.635955604688654
54.120236510939236
56.753854494650845
57.48912940721924
60.01666435249463
61.814237842102365
62.289646009589745
62.07253821135398
63.0
65.06919393998976
65.12296062065974
64.00781202322104
64.0
65.0
67.0
66.03029607687671
68.00735254367721
69.02897942168927
70.02856560004639
72.00694410957877
73.02739212103907
75.05997601918082
96.93296652842108
98.6154146165801
101.01980003939822
101.76934705499491
103.24727599312246
106.04244433244644
107.56393447619885
109.4440496326776
111.66467659918243
113.21660655575224
115.43396380615195
117.95338062132852
117.95338062132852
118.59595271340417
117.64352935882194
119.85407794480753
120.16655108639841
122.70289320142373
122.38055401083949
124.59534501738017
123.01625908797584
125.54282137979854
124.27791436936813
123.96773773849388
124.27791436936813
124.91997438360288
124.27791436936813
125.22779244241272
124.59534501738017
125.54282137979854
124.91997438360288
125.25174649480941
126.19429464123962
126.19429464123962
125.59060474414477
124.59534501738017
124.59534501738017
125.22779244241272
124.27791436936813
124.27791436936813
122.06555615733703
122.38055401083949
120.48651376813922
120.48651376813922
118.92854997854805
117.64352935882194
116.69190203266035
117.00427342623003
115.7410903698423
116.69190203266035
115.7410903698423
116.69190203266035
116.05602095539895
117.00427342623003
118.27087553578015
119.21828718783037
118.27087553578015
118.59595271340417
118.59595271340417
117.72000679578642
117.04699910719626
118.59595271340417
117.64352935882194
118.90332207301863
115.13470371699404
113.52973178863765
112.57886124845996
113.52973178863765
112.57886124845996
114.48143954370944
112.57886124845996
113.22543883774529
113.52973178863765
113.52973178863765
112.92918134831227
114.48143954370944
114.17968295629481
116.3872845288522
113.8859078200635
115.43396380615195
114.79111463872106
114.16216536138407
113.21660655575224
113.54734695271397
111.66467659918243
111.07204868912791
108.84851859350222
108.84851859350222
106.28264204469139
106.97663296253066
104.75208828467335
98.6154146165801
96.77293009927931
95.34149149242423
91.7877987534291
91.706052144883
89.44271909999159
88.11923740024082
85.88364221433555
83.72574275573791
81.00617260431454
79.64923100695951
77.52418977325722
76.32168761236873
73.24616030891995
72.94518489934754
67.42403132415029
63.8200595424354
61.220911460055866
58.25804665451803
57.38466694161429
55.90169943749474
54.45181356024793
53.03772242470448
52.3450093132096
51.66236541235796
48.91829923454004
49.678969393496885
47.01063709417264
47.20169488482379
44.10215414239989
44.94441010848846
42.05948168962618
41.14608122288197
39.0
39.21734310225516
37.107950630558946
37.33630940518894
34.0147027033899
33.13608305156178
32.2490309931942
34.713109915419565
36.68787265568828
40.311288741492746
39.395431207184416
41.677331968349414
43.01162633521314
42.638011210655684
43.840620433565945
46.66904755831214
48.83646178829912
51.66236541235796
54.037024344425184
55.0
56.4003546088143
56.4003546088143
58.008620049092706
60.60528029800704
62.48199740725323
64.63745044476924
64.40496875241847
61.220911460055866
62.00806399170998
43.86342439892262
45.17742799230607
49.73932046178355
49.92995093127971
53.823786563191554
56.61271941887264
59.81638571495272
60.14149981501958
65.06919393998976
70.00714249274856
67.62396025078685
63.51377803280167
61.84658438426491
66.09841147864296
62.96824596572466
66.2117814289874
67.08203932499369
65.86349520030045
67.4166151627327
68.00735254367721
71.02816342831905
70.60453243241541
74.2024258363566
75.43208866258443
76.69419795525604
77.23341245859851
79.20858539325141
80.62257748298549
84.17244204607586
86.31338250816034
89.19641248391103
90.78546139112804
94.26027795418386
96.04686356149273
97.45255255764212
99.40321926376429
102.41581909060729
104.04326023342406
106.83164325236227
106.53168542738823
109.29318368498559
110.13627921806692
112.6809655620682
113.37107214805724
116.9700816448377
116.76472069936193
119.0
118.07201192492656
119.0
118.07201192492656
119.0
118.07201192492656
119.0
119.40686747419514
120.30793822520607
117.61802582937702
119.41942890501528
117.61802582937702
119.4361754243663
118.51160280748886
117.63077828527702
118.06777714516353
117.17081547894082
118.53269591129698
118.51160280748886
117.63077828527702
117.17081547894082
118.53269591129698
119.86659251017358
118.53269591129698
119.9208072020865
120.34118164618461
121.33424908079334
122.7721466783081
122.65398485169571
122.7721466783081
123.1665539016173
125.15989773086265
123.30855606972291
125.15989773086265
123.69316876852982
125.35549449465708
126.08727136392476
127.01574705523721
126.46343345014795
126.46343345014795
125.92458060283545
127.94530081249565
127.76932339180638
125.53883861180172
125.39936203984452
125.80143083447024
125.92458060283545
124.48293055676348
121.33424908079334
120.7683733433551
119.10079764636339
117.2006825918689
114.03946685248927
111.8257573191436
109.17875251164945
106.06601717798213
103.07764064044152
100.72239075796404
99.4786409235671
96.89685237405806
94.15412895885129
93.49331526906082
89.35882720806042
87.36704184073076
83.7615663654877
81.8413098624405
78.00640999302557
76.40026177965623
74.02702209328699
71.84010022264724
69.02897942168927
68.11754546370561
63.89053137985315
4.123105625617661
4.123105625617661
3.605551275463989
1.0
1.4142135623730951
2.0
2.23606797749979
2.8284271247461903
3.1622776601683795
1.4142135623730951
2.23606797749979
2.8284271247461903
1.4142135623730951
3.1622776601683795
3.1622776601683795
3.1622776601683795
5.0990195135927845
8.06225774829855
9.0
6.082762530298219
5.385164807134504
3.1622776601683795
3.0
3.605551275463989
4.242640687119285
5.830951894845301
5.830951894845301
6.4031242374328485
6.4031242374328485
6.4031242374328485
5.830951894845301
6.4031242374328485
8.94427190999916
5.656854249492381
6.4031242374328485
6.082762530298219
6.324555320336759
5.0990195135927845
5.656854249492381
4.123105625617661
3.605551275463989
1.4142135623730951
1.4142135623730951
2.23606797749979
5.0990195135927845
3.0
4.123105625617661
4.47213595499958
2.23606797749979
6.082762530298219
4.0
7.0
3.1622776601683795
7.0710678118654755
5.830951894845301
8.06225774829855
8.06225774829855
4.0
5.0990195135927845
4.47213595499958
5.0990195135927845
