4.242640687119285
3.1622776601683795
3.605551275463989
4.242640687119285
2.23606797749979
3.605551275463989
3.605551275463989
3.1622776601683795
2.8284271247461903
3.605551275463989
3.1622776601683795
2.8284271247461903
3.1622776601683795
3.605551275463989
3.605551275463989
3.605551275463989
5.385164807134504
5.830951894845301
6.4031242374328485
7.0710678118654755
10.44030650891055
11.180339887498949
10.44030650891055
9.848857801796104
11.40175425099138
11.40175425099138
12.165525060596439
11.40175425099138
13.152946437965905
12.36931687685298
13.152946437965905
12.36931687685298
13.152946437965905
14.317821063276353
14.317821063276353
14.317821063276353
15.297058540778355
13.341664064126334
13.152946437965905
14.142135623730951
12.165525060596439
14.142135623730951
14.317821063276353
13.341664064126334
13.152946437965905
12.165525060596439
13.341664064126334
14.317821063276353
14.142135623730951
13.038404810405298
13.038404810405298
14.035668847618199
14.035668847618199
16.0312195418814
14.035668847618199
15.132745950421556
14.035668847618199
15.0
14.035668847618199
13.038404810405298
14.142135623730951
14.142135623730951
14.035668847618199
13.038404810405298
12.041594578792296
14.035668847618199
15.0
14.0
14.035668847618199
15.033296378372908
13.0
14.035668847618199
14.035668847618199
15.033296378372908
15.033296378372908
13.038404810405298
15.132745950421556
14.560219778561036
12.041594578792296
12.041594578792296
15.033296378372908
14.142135623730951
12.649110640673518
14.0
13.038404810405298
12.041594578792296
13.038404810405298
14.560219778561036
14.0
14.0
13.0
13.152946437965905
16.492422502470642
17.26267650163207
27.294688127912362
24.413111231467404
22.02271554554524
21.18962010041709
21.095023109728988
22.02271554554524
24.331050121192877
26.248809496813376
31.304951684997057
47.80167361086848
60.81118318204309
71.84010022264724
81.27115109311545
91.58602513484249
102.57680049601859
115.83609109426992
126.11502686040232
136.8941196691808
145.6193668438371
156.0
163.41358572652396
171.95638982020995
179.42407865166817
187.275198571514
195.47889911701466
203.9730374338726
210.92415698539605
218.52459815773602
226.15260334561705
234.0939982143925
241.76021178018522
250.96015620014265
255.49363984256047
261.5415836917717
268.0335799857921
274.0894014733149
281.1138559374119
289.10897599348243
292.0154105522515
296.86360504447157
301.9569505740843
307.7823906593748
309.2604080706096
311.4369920224635
313.3560275469422
316.0284797292801
319.9156138734088
318.709899438345
318.9435686763412
318.20905078265764
316.76489704511135
317.9716968536665
317.72314992773187
316.26729201736936
325.48425461149424
319.41978648793815
