2.0
1.4142135623730951
2.0
3.1622776601683795
2.23606797749979
1.4142135623730951
4.47213595499958
2.0
3.1622776601683795
2.23606797749979
2.0
2.8284271247461903
3.605551275463989
2.8284271247461903
2.0
3.605551275463989
2.23606797749979
2.23606797749979
2.23606797749979
2.0
3.0
3.1622776601683795
5.0990195135927845
3.1622776601683795
4.123105625617661
4.123105625617661
6.082762530298219
6.0
8.06225774829855
8.06225774829855
6.324555320336759
7.280109889280518
7.615773105863909
8.54400374531753
3.1622776601683795
5.0990195135927845
3.605551275463989
6.324555320336759
5.0
5.0
4.123105625617661
5.0
5.0
3.1622776601683795
5.0990195135927845
4.123105625617661
6.082762530298219
3.1622776601683795
5.0990195135927845
3.1622776601683795
3.605551275463989
4.123105625617661
2.23606797749979
4.123105625617661
2.8284271247461903
4.0
1.4142135623730951
2.23606797749979
2.23606797749979
3.0
2.0
3.1622776601683795
3.1622776601683795
5.0990195135927845
2.8284271247461903
5.0990195135927845
6.082762530298219
5.0990195135927845
4.47213595499958
2.8284271247461903
4.123105625617661
3.605551275463989
3.1622776601683795
2.23606797749979
2.0
2.0
3.605551275463989
3.1622776601683795
3.605551275463989
1.0
2.23606797749979
2.23606797749979
3.0
4.242640687119285
8.602325267042627
9.486832980505138
40.80441152620633
43.41658669218482
49.47726750741192
56.515484603779164
58.463663928973865
63.150613615387776
68.8839603971781
71.80529228406496
74.95331880577403
77.87810988975015
79.07591289387686
83.19855767980596
86.12200647918046
91.21951545584969
93.94147114027967
94.14881836751856
91.59148432032315
96.6902270139025
96.6902270139025
100.62305898749054
101.6070863670443
102.77159140540736
103.75451797391764
105.38026380684383
111.19802156513397
107.5174404457249
111.80339887498948
112.61438629233834
112.44998888394787
119.23925528113634
116.55899793666725
120.83873551142449
120.20815280171308
121.49485585818027
123.17873193047572
125.15989773086265
126.28935030318273
129.1239714383042
130.11533345459327
130.11533345459327
131.97348218486925
132.9661611087573
135.07405376311175
135.07405376311175
137.46272221951665
138.1774221788784
138.6001443000692
139.30183056945089
139.44174410842686
140.57738082636197
140.57738082636197
136.33048081775402
135.4843164355196
136.6235704408284
136.4734406395618
136.6235704408284
132.3706916201619
130.86252328302402
132.01893803541975
130.23056476879765
126.69648771769484
128.4562182223967
125.7179382586272
123.2233744059949
121.0495766204905
116.92732785794773
110.21796586763884
109.4440496326776
102.18121158021175
99.04039579888602
95.34149149242423
86.12200647918046
82.76472678623425
75.92759709091287
70.83078426785913
70.09279563550022
66.48308055437865
63.245553203367585
60.08327554319921
52.81098370604357
49.9799959983992
48.30113870293329
42.720018726587654
41.340053217188775
38.8329756778952
32.01562118716424
34.655446902326915
33.24154027718932
32.449961479175904
30.4138126514911
29.732137494637012
29.832867780352597
9.0
8.06225774829855
6.324555320336759
6.324555320336759
4.47213595499958
5.0
5.830951894845301
5.385164807134504
2.23606797749979
5.830951894845301
4.123105625617661
1.4142135623730951
7.0710678118654755
4.123105625617661
7.0710678118654755
6.4031242374328485
8.94427190999916
5.830951894845301
5.0
9.848857801796104
10.816653826391969
4.0
2.23606797749979
4.123105625617661
5.0990195135927845
4.0
3.1622776601683795
1.4142135623730951
4.0
4.123105625617661
2.0
1.0
2.8284271247461903
3.0
3.1622776601683795
4.47213595499958
1.4142135623730951
2.23606797749979
3.1622776601683795
2.0
1.4142135623730951
1.0
1.4142135623730951
2.23606797749979
1.4142135623730951
1.4142135623730951
1.0
1.0
1.4142135623730951
2.0
2.0
1.4142135623730951
2.0
2.23606797749979
2.0
1.4142135623730951
1.4142135623730951
1.0
2.23606797749979
2.0
1.4142135623730951
3.0
2.0
3.1622776601683795
2.23606797749979
2.0
2.23606797749979
1.4142135623730951
1.4142135623730951
3.605551275463989
2.8284271247461903
4.242640687119285
1.0
3.605551275463989
3.605551275463989
2.8284271247461903
5.830951894845301
7.211102550927978
6.4031242374328485
6.4031242374328485
2.8284271247461903
5.0
6.4031242374328485
7.0710678118654755
3.605551275463989
5.385164807134504
5.830951894845301
7.211102550927978
5.0
4.242640687119285
5.830951894845301
5.830951894845301
6.708203932499369
4.123105625617661
5.0990195135927845
5.0990195135927845
5.830951894845301
2.8284271247461903
7.810249675906654
5.0
5.830951894845301
3.1622776601683795
4.123105625617661
4.242640687119285
4.242640687119285
1.0
1.4142135623730951
1.4142135623730951
2.23606797749979
1.4142135623730951
2.23606797749979
1.0
1.0
1.4142135623730951
2.23606797749979
2.8284271247461903
4.242640687119285
3.605551275463989
2.23606797749979
4.242640687119285
2.23606797749979
3.0
2.0
2.23606797749979
3.1622776601683795
3.1622776601683795
1.4142135623730951
3.605551275463989
3.605551275463989
2.23606797749979
2.23606797749979
2.23606797749979
2.8284271247461903
3.605551275463989
4.47213595499958
4.47213595499958
4.47213595499958
5.0
5.830951894845301
5.385164807134504
5.0990195135927845
7.280109889280518
6.324555320336759
8.06225774829855
6.708203932499369
9.219544457292887
8.602325267042627
6.708203932499369
6.4031242374328485
6.708203932499369
6.324555320336759
8.06225774829855
6.708203932499369
8.06225774829855
5.0
7.0710678118654755
4.123105625617661
6.082762530298219
4.47213595499958
3.0
5.0
7.0710678118654755
7.0
6.324555320336759
7.0710678118654755
6.082762530298219
7.0710678118654755
6.082762530298219
5.0
6.0
5.0990195135927845
4.47213595499958
4.0
4.123105625617661
4.123105625617661
3.605551275463989
2.8284271247461903
3.1622776601683795
3.605551275463989
4.47213595499958
4.47213595499958
3.605551275463989
4.123105625617661
3.605551275463989
6.708203932499369
11.180339887498949
11.40175425099138
10.770329614269007
14.212670403551895
17.029386365926403
20.518284528683193
24.041630560342615
23.600847442411894
32.01562118716424
32.802438933713454
