90.47619047619048
90.90909090909092
90.90909090909092
88.23529411764707
91.1764705882353
88.23529411764707
94.11764705882354
88.23529411764707
91.1764705882353
88.23529411764707
91.1764705882353
88.23529411764707
88.23529411764707
91.1764705882353
88.23529411764707
91.1764705882353
91.1764705882353
91.1764705882353
76.20320855614973
76.20320855614973
56.14973262032086
61.36363636363637
63.63636363636363
71.12299465240642
33.68983957219251
26.47058823529412
32.0855614973262
35.294117647058826
36.57754010695187
32.72727272727272
35.93582887700534
28.235294117647054
11.550802139037431
0
0
0
0
0
0
0
0
0
0
0
0
0
0
0
0
0
0
0
0
0
0
0
0
0
0
0
0
0
0
0
0
0
0
0
0
0
0
0
0
0
0
0
0
0
0
0
0
0
0
0
0
0
0
0
0
0
0
0
0
0
0
0
0
0
0
0
0
0
0
0
0
0
0
0
0
0
0
0
0
0
0
0
0
0
0
0
0
0
0
0
0
0
0
0
0
0
0
0
0
0
0
0
0
0
0
0
0
0
0
0
0
0
0
0
0
0
0
0
0
0
0
0
0
0
0
0
0
0
0
0
0
0
0
0
0
0
0
0
0
0
0
0
0
0
0
0
0
0
0
0
0
0
0
0.2884615384615385
0.19230769230769232
2.307692307692308
3.076923076923077
6.346153846153846
6.25
9.807692307692308
8.076923076923077
15.808491418247517
18.69918699186992
19.873532068654022
13.730803974706413
9.48509485094851
4.5167118337850045
5.420054200542006
2.710027100271003
0.6323396567299007
0
0
0
0
0
0
0
0
0
0
0
0
0
0
0
0
3.968253968253968
2.6455026455026456
0.3527336860670194
0.24916943521594684
0
0
0
0
0
0
0
0
0
0
0
0
0
0
0
0
0
0
0
0
0
0
0
0
0
0
0
0
0
0
0
0
0
0
0
0
0
0
0
0
0
0
0
0
0
0
0
0
0
0
0
0
0
0
0
0
0
0
0
0
0
0
0
0
0
0
0
0
0
0
0
0
0
0
0
0
0
0
0
0
0
0
0
0
0
0
0
0
0
0
0
0
0
0
0
0
0
0
0
0
0
0
0
0
0
0
0
0
0
0
0
0
0
0
0
79.02439024390245
83.96341463414633
83.96341463414633
85.29616724738676
88.45528455284553
88.45528455284553
88.9198606271777
90.45296167247388
88.9198606271777
88.26945412311265
97.09639953542393
96.11691831204027
93.61207897793264
90.59233449477352
90.66310975609755
90.66310975609755
89.17682926829268
88.41463414634147
88.41463414634147
92.98780487804879
92.14939024390245
95.1219512195122
95.1219512195122
95.1219512195122
93.77289377289377
90.93220338983052
90.93220338983052
90.93220338983052
90.93220338983052
90.93220338983052
90.93220338983052
93.38983050847457
90.16949152542372
93.38983050847457
90.93220338983052
88.47457627118645
88.47457627118645
90.93220338983052
93.38983050847457
93.38983050847457
98.30508474576271
98.30508474576271
100.0
100.0
100.0
97.43589743589743
97.43589743589743
97.43589743589743
97.43589743589743
97.43589743589743
95.72649572649573
95.72649572649573
98.24561403508771
98.24561403508771
100.0
100.0
98.21428571428571
100.0
100.0
100.0
97.2972972972973
