88.45208845208846
88.45208845208846
88.45208845208846
88.45208845208846
84.58646616541353
88.45208845208846
71.25307125307125
88.45208845208846
88.45208845208846
88.45208845208846
90.09009009009009
75.07507507507508
74.96175420703722
89.95410504844466
91.78990311065783
75.07507507507508
90.09009009009009
90.09009009009009
90.09009009009009
90.09009009009009
90.09009009009009
90.09009009009009
84.68468468468468
88.1183069862315
86.28250892401836
86.48648648648648
82.88288288288288
82.88288288288288
79.27927927927928
79.27927927927928
81.08108108108108
79.27927927927928
79.27927927927928
77.47747747747748
88.88888888888889
82.88288288288288
82.96296296296295
76.04938271604938
77.77777777777777
70.61728395061728
70.61728395061728
67.4074074074074
67.4074074074074
63.39622641509433
63.39622641509433
63.39622641509433
61.886792452830186
60.37735849056604
60.37735849056604
60.37735849056604
61.53846153846153
57.35849056603774
53.58974358974359
53.58974358974359
52.21978021978022
50.76923076923077
47.05882352941177
47.05882352941177
47.05882352941177
47.05882352941177
47.05882352941177
47.05882352941177
47.05882352941177
47.05882352941177
47.05882352941177
47.05882352941177
47.05882352941177
47.05882352941177
47.05882352941177
47.05882352941177
47.05882352941177
47.05882352941177
49.45454545454545
49.45454545454545
49.45454545454545
50.46382189239332
49.45454545454545
47.05882352941177
46.628571428571426
44.83516483516484
44.83516483516484
43.02521008403361
44.29065743944637
46.0984393757503
47.94063079777366
44.08163265306123
0
0
0
0
0
0
0
0
0
0
0
0
0
0
0
0
0
0
0
0
0
0
0
0
0
0
0
0
0
0
0
0
0
0
0
0
0
0
0
0
0
0
0
0
0
0
0
0
0
0
0
0
0
0
0
0
0
0
0
0
0
0
0
0
0
0
0
0
0
0
0
0
0
0
0
0
0
0
0
0
0
0
0
0
0
5.968169761273209
4.9482681061628435
7.117595048629531
10.610079575596817
14.146772767462423
16.799292661361626
17.50663129973475
42.0159151193634
42.0159151193634
44.350132625994696
44.350132625994696
44.350132625994696
44.350132625994696
44.350132625994696
44.350132625994696
44.350132625994696
44.350132625994696
44.350132625994696
44.350132625994696
44.350132625994696
44.350132625994696
44.350132625994696
44.350132625994696
44.350132625994696
44.350132625994696
44.350132625994696
35.278514588859416
33.42175066312997
42.0159151193634
42.0159151193634
42.0159151193634
42.75303643724696
42.0159151193634
42.75303643724696
42.75303643724696
42.75303643724696
42.75303643724696
42.75303643724696
42.75303643724696
42.75303643724696
42.75303643724696
42.75303643724696
42.75303643724696
44.661654135338345
44.661654135338345
44.661654135338345
38.34586466165414
38.34586466165414
38.34586466165414
38.34586466165414
38.34586466165414
38.34586466165414
40.84084084084084
40.84084084084084
40.84084084084084
40.84084084084084
40.84084084084084
40.84084084084084
40.84084084084084
40.84084084084084
40.84084084084084
40.84084084084084
40.84084084084084
40.84084084084084
40.84084084084084
40.84084084084084
41.61142274349821
44.108108108108105
44.108108108108105
44.108108108108105
44.108108108108105
44.108108108108105
44.108108108108105
44.108108108108105
44.108108108108105
51.372972972972974
51.372972972972974
51.372972972972974
51.372972972972974
52.8
52.8
52.8
54.99999999999999
54.99999999999999
54.99999999999999
54.99999999999999
54.99999999999999
54.99999999999999
54.99999999999999
54.99999999999999
54.99999999999999
57.77507598784194
59.474342928660825
59.474342928660825
59.474342928660825
62.60869565217391
62.60869565217391
62.60869565217391
62.60869565217391
60.869565217391305
64.0
62.222222222222214
62.222222222222214
62.222222222222214
64.0
60.444444444444436
64.0
62.222222222222214
66.0
66.0
66.0
66.0
67.5
67.5
67.5
67.5
67.5
67.5
67.5
67.5
67.5
67.5
67.5
69.06976744186046
69.06976744186046
70.71428571428571
72.99539170506912
76.64516129032258
76.64516129032258
76.64516129032258
76.64516129032258
76.64516129032258
78.61042183622828
78.61042183622828
76.42679900744416
84.61538461538461
84.85714285714286
84.85714285714286
84.85714285714286
84.85714285714286
82.5
80.14285714285712
80.14285714285712
80.14285714285712
70.1417004048583
77.78571428571428
77.78571428571428
77.78571428571428
78.6923076923077
81.23076923076923
59.61538461538461
64.61538461538461
53.65384615384615
56.63461538461539
64.61538461538461
63.46153846153846
64.61538461538461
81.23076923076923
59.61538461538461
65.89068825910931
60.72874493927125
94.28571428571428
84.47999999999999
85.71428571428571
76.8
82.28571428571428
88.57142857142857
82.85714285714286
77.14285714285715
77.14285714285715
82.35294117647058
79.41176470588235
82.35294117647058
79.41176470588235
82.35294117647058
85.29411764705883
82.35294117647058
85.29411764705883
88.23529411764706
88.23529411764706
87.87878787878789
87.87878787878789
90.90909090909089
90.90909090909089
87.87878787878789
79.09090909090908
76.36363636363636
76.36363636363636
79.09090909090908
79.84848484848484
71.96969696969697
58.58585858585859
46.3768115942029
50.378787878787875
49.275362318840585
34.78260869565217
26.35046113306983
16.600790513833992
8.432147562582346
12.911725955204217
0
0
