91.42857142857143
93.66946778711485
88.73949579831934
91.42857142857143
96.59663865546219
88.73949579831934
94.28571428571428
93.66946778711485
91.51260504201682
94.28571428571428
93.66946778711485
91.51260504201682
93.66946778711485
88.73949579831934
94.28571428571428
94.28571428571428
90.75630252100841
85.71428571428571
80.67226890756302
75.63025210084032
53.78151260504202
49.91596638655462
53.78151260504202
57.3109243697479
48.403361344537814
48.403361344537814
44.36974789915967
48.403361344537814
38.8235294117647
43.02521008403361
38.8235294117647
43.02521008403361
38.8235294117647
32.26890756302521
32.26890756302521
32.26890756302521
26.89075630252101
37.647058823529406
38.8235294117647
32.326530612244895
43.10204081632653
32.326530612244895
31.346938775510203
36.57142857142857
37.71428571428571
43.10204081632653
36.666666666666664
31.42857142857143
32.38095238095238
42.42424242424243
42.42424242424243
37.121212121212125
37.121212121212125
26.515151515151512
37.121212121212125
30.909090909090907
37.121212121212125
32.72727272727272
33.333333333333336
38.888888888888886
32.38095238095238
32.38095238095238
33.333333333333336
38.888888888888886
44.44444444444444
33.333333333333336
28.571428571428566
34.285714285714285
33.333333333333336
27.77777777777778
43.63636363636364
37.121212121212125
37.121212121212125
31.818181818181817
31.818181818181817
42.42424242424243
30.909090909090907
33.93939393939394
39.77272727272727
39.77272727272727
31.818181818181817
36.0
43.480519480519476
35.38083538083538
47.76412776412777
44.22604422604422
47.79904306220096
39.04306220095694
43.63636363636364
43.63636363636364
49.09090909090909
46.50717703349282
28.0091533180778
24.027459954233407
17.299771167048057
19.080745341614907
16.39751552795031
8.900255754475703
5.454545454545455
0.0
0
0
0
0
0
0
0
0
0
0
0
0
0
0
0
0
0
0
0
0
0
0
0
0
0
0
0
0
0
0
0
0
0
0
0
0
0
0
0
0
0
0
0
0
0
0
0
0
0
0
