7.810249675906654
3.1622776601683795
4.242640687119285
4.47213595499958
2.8284271247461903
2.8284271247461903
2.8284271247461903
1.4142135623730951
1.0
2.0
0.0
0.0
0.0
1.0
1.0
0.0
2.23606797749979
2.23606797749979
2.23606797749979
3.0
2.23606797749979
2.0
3.1622776601683795
3.1622776601683795
3.1622776601683795
2.23606797749979
3.1622776601683795
3.0
2.8284271247461903
3.1622776601683795
3.1622776601683795
3.1622776601683795
2.0
3.605551275463989
3.1622776601683795
3.1622776601683795
2.23606797749979
3.1622776601683795
3.1622776601683795
2.23606797749979
2.0
2.8284271247461903
3.0
3.1622776601683795
2.23606797749979
2.0
2.8284271247461903
3.605551275463989
3.605551275463989
1.4142135623730951
3.1622776601683795
2.23606797749979
2.8284271247461903
4.242640687119285
2.8284271247461903
2.23606797749979
2.23606797749979
2.23606797749979
3.605551275463989
3.605551275463989
3.605551275463989
5.0
5.0
4.47213595499958
3.0
4.47213595499958
3.605551275463989
3.1622776601683795
3.0
4.123105625617661
3.0
3.0
3.0
3.1622776601683795
3.0
4.0
3.605551275463989
5.0990195135927845
3.1622776601683795
3.1622776601683795
3.605551275463989
4.123105625617661
6.0
3.1622776601683795
5.0990195135927845
6.082762530298219
8.246211251235321
8.0
5.0
4.123105625617661
3.0
5.0990195135927845
7.0
6.0
9.0
7.280109889280518
6.324555320336759
6.708203932499369
14.560219778561036
26.076809620810597
31.144823004794873
33.015148038438355
34.058772731852805
21.02379604162864
15.0
8.06225774829855
8.0
7.0
6.082762530298219
4.123105625617661
4.123105625617661
2.23606797749979
4.47213595499958
1.0
2.8284271247461903
2.23606797749979
2.8284271247461903
2.23606797749979
2.0
2.23606797749979
1.4142135623730951
1.4142135623730951
1.4142135623730951
2.8284271247461903
1.4142135623730951
2.0
1.4142135623730951
2.23606797749979
2.23606797749979
3.1622776601683795
2.23606797749979
1.4142135623730951
2.23606797749979
1.4142135623730951
2.0
2.23606797749979
1.0
1.4142135623730951
2.0
2.0
1.0
2.23606797749979
2.23606797749979
1.0
2.8284271247461903
2.23606797749979
1.4142135623730951
2.8284271247461903
2.23606797749979
1.4142135623730951
