5.385164807134504
3.605551275463989
1.0
0.0
2.0
2.0
1.0
2.0
1.0
2.0
0.0
1.0
1.4142135623730951
0.0
1.0
1.0
2.0
2.8284271247461903
4.123105625617661
1.0
2.0
4.242640687119285
5.0
3.0
1.4142135623730951
1.4142135623730951
1.4142135623730951
2.23606797749979
1.0
4.123105625617661
1.4142135623730951
5.0
27.202941017470888
27.586228448267445
27.586228448267445
29.068883707497267
29.732137494637012
30.4138126514911
31.144823004794873
32.01562118716424
5.830951894845301
1.4142135623730951
1.4142135623730951
2.23606797749979
2.23606797749979
1.4142135623730951
2.0
1.4142135623730951
1.4142135623730951
2.23606797749979
1.0
2.23606797749979
1.0
2.23606797749979
2.0
1.0
1.0
4.123105625617661
2.23606797749979
2.0
1.4142135623730951
4.47213595499958
1.0
5.0
3.0
1.4142135623730951
2.23606797749979
2.0
2.0
2.0
1.0
2.0
1.0
2.0
2.0
2.0
2.23606797749979
1.4142135623730951
2.23606797749979
2.0
1.4142135623730951
3.605551275463989
1.0
3.1622776601683795
3.1622776601683795
3.1622776601683795
3.605551275463989
4.47213595499958
3.1622776601683795
0.0
5.830951894845301
2.0
2.8284271247461903
3.1622776601683795
4.47213595499958
4.123105625617661
5.385164807134504
6.082762530298219
7.0710678118654755
7.280109889280518
8.246211251235321
9.055385138137417
6.082762530298219
7.0710678118654755
7.615773105863909
7.0710678118654755
9.486832980505138
10.198039027185569
12.165525060596439
13.152946437965905
15.297058540778355
16.0312195418814
18.973665961010276
18.973665961010276
13.0
13.152946437965905
12.165525060596439
12.0
12.165525060596439
11.180339887498949
11.40175425099138
9.0
8.246211251235321
8.06225774829855
8.06225774829855
6.4031242374328485
9.219544457292887
5.0990195135927845
4.123105625617661
4.123105625617661
2.23606797749979
2.8284271247461903
1.0
1.0
1.4142135623730951
1.0
1.4142135623730951
1.0
2.23606797749979
1.0
2.23606797749979
2.0
1.4142135623730951
3.0
2.23606797749979
4.123105625617661
3.0
2.0
2.0
3.1622776601683795
9.219544457292887
9.486832980505138
10.770329614269007
5.0990195135927845
5.0
5.830951894845301
5.0990195135927845
4.242640687119285
1.0
2.23606797749979
5.385164807134504
6.324555320336759
2.8284271247461903
2.23606797749979
2.23606797749979
3.1622776601683795
1.4142135623730951
4.123105625617661
5.385164807134504
5.385164807134504
5.385164807134504
6.708203932499369
7.0710678118654755
4.47213595499958
2.8284271247461903
1.0
2.23606797749979
1.0
2.23606797749979
1.0
2.0
1.0
2.23606797749979
1.0
3.1622776601683795
1.4142135623730951
2.23606797749979
1.0
1.0
1.4142135623730951
1.0
1.0
0.0
3.1622776601683795
1.0
2.0
3.605551275463989
2.0
1.0
1.0
1.4142135623730951
2.23606797749979
1.4142135623730951
3.1622776601683795
1.4142135623730951
4.0
2.8284271247461903
2.23606797749979
1.4142135623730951
2.23606797749979
3.0
2.23606797749979
2.23606797749979
1.4142135623730951
4.123105625617661
4.123105625617661
1.0
1.0
1.4142135623730951
1.4142135623730951
1.4142135623730951
1.4142135623730951
3.1622776601683795
13.038404810405298
18.439088914585774
21.633307652783937
19.313207915827967
17.72004514666935
19.4164878389476
24.186773244895647
30.14962686336267
30.14962686336267
31.064449134018133
35.05709628591621
3.1622776601683795
2.23606797749979
1.4142135623730951
5.0990195135927845
3.1622776601683795
1.4142135623730951
1.4142135623730951
3.1622776601683795
1.4142135623730951
1.4142135623730951
1.4142135623730951
1.4142135623730951
2.8284271247461903
1.4142135623730951
2.23606797749979
1.0
1.0
2.23606797749979
2.23606797749979
4.242640687119285
1.4142135623730951
1.4142135623730951
1.4142135623730951
3.0
1.4142135623730951
2.0
1.0
1.0
1.4142135623730951
2.0
2.23606797749979
5.656854249492381
2.23606797749979
3.1622776601683795
1.4142135623730951
2.0
2.0
2.0
2.0
3.0
1.0
3.0
1.0
2.0
4.47213595499958
1.4142135623730951
2.23606797749979
1.4142135623730951
2.23606797749979
2.0
1.0
2.0
1.0
2.0
2.23606797749979
1.0
2.0
1.4142135623730951
1.4142135623730951
5.656854249492381
1.4142135623730951
2.23606797749979
1.4142135623730951
5.0
1.0
5.656854249492381
1.0
3.0
4.242640687119285
2.0
5.0
2.23606797749979
5.0
4.47213595499958
1.4142135623730951
4.123105625617661
1.4142135623730951
2.23606797749979
3.605551275463989
1.4142135623730951
3.0
2.23606797749979
3.1622776601683795
3.0
2.0
2.0
1.0
3.1622776601683795
3.1622776601683795
3.1622776601683795
2.0
3.0
3.0
1.0
2.23606797749979
3.0
3.0
3.0
2.0
3.0
2.23606797749979
5.385164807134504
3.0
5.0990195135927845
4.123105625617661
5.385164807134504
3.1622776601683795
5.385164807134504
3.1622776601683795
3.0
2.23606797749979
2.0
2.23606797749979
2.0
2.23606797749979
3.1622776601683795
2.0
2.8284271247461903
1.0
4.123105625617661
2.23606797749979
4.123105625617661
5.0
2.23606797749979
3.1622776601683795
2.23606797749979
4.47213595499958
3.1622776601683795
5.0
7.280109889280518
5.830951894845301
6.4031242374328485
6.4031242374328485
6.4031242374328485
8.06225774829855
5.0
6.708203932499369
6.324555320336759
4.0
5.0
5.385164807134504
4.242640687119285
5.0
4.47213595499958
4.0
5.385164807134504
4.0
4.123105625617661
4.123105625617661
5.0
3.1622776601683795
3.0
4.123105625617661
1.4142135623730951
5.385164807134504
2.23606797749979
7.0710678118654755
2.23606797749979
3.1622776601683795
4.123105625617661
5.0
4.0
2.0
2.23606797749979
2.23606797749979
2.23606797749979
