467,233,37,21
467,233,37,21
467,234,37,21
467,234,37,21
467,234,37,21
467,233,37,21
467,234,37,21
467,233,37,21
467,234,37,21
467,233,37,21
467,234,37,21
467,233,37,21
467,233,37,21
467,233,37,21
468,234,37,21
467,233,37,21
468,234,37,21
469,234,37,21
468,234,37,21
469,233,37,21
469,234,37,21
469,233,37,21
470,234,37,21
470,234,37,21
470,234,37,21
470,234,37,21
471,234,37,21
471,235,37,21
471,234,37,21
472,235,37,21
473,234,37,21
472,235,37,21
474,235,37,21
474,236,37,21
475,235,37,21
476,236,37,21
477,237,37,21
479,237,36,21
480,238,35,20
482,238,35,20
483,238,35,20
485,238,34,20
486,239,34,20
488,238,34,20
489,240,34,20
490,240,34,20
491,241,34,20
491,242,34,20
491,243,34,20
490,244,34,20
491,245,34,20
490,247,34,20
490,249,34,20
489,253,35,20
490,255,35,20
490,259,35,20
491,261,34,20
493,263,34,20
494,266,34,20
496,268,34,20
498,269,34,20
500,267,33,19
502,266,33,19
505,264,33,19
507,262,33,19
509,261,33,19
511,259,33,19
513,258,33,19
515,257,33,19
516,256,34,20
517,255,35,20
518,253,35,20
520,252,35,20
523,250,35,20
527,248,34,20
530,248,34,20
532,246,33,19
534,248,33,19
535,250,32,18
537,252,32,18
536,256,32,18
536,259,32,18
535,263,32,18
535,267,32,18
534,271,32,18
533,273,32,18
533,274,32,18
532,274,32,18
533,273,32,18
531,271,33,19
532,269,33,19
534,266,34,19
537,263,34,19
539,260,34,19
541,259,33,19
542,256,32,18
543,252,31,18
529,241,32,18
529,242,33,19
521,244,32,18
516,244,32,18
510,243,32,18
505,241,32,18
500,239,32,18
507,229,31,18
503,227,31,18
498,225,31,18
493,224,31,18
488,223,31,18
483,222,31,18
479,221,31,18
475,220,31,18
470,220,31,18
467,220,31,18
462,220,31,18
458,221,31,18
453,221,31,18
446,221,31,18
440,222,31,18
433,221,31,18
426,222,31,18
420,222,31,18
415,221,31,18
408,221,31,18
404,221,31,18
400,220,31,18
396,220,31,18
393,220,31,18
390,219,31,18
387,220,31,18
385,221,31,18
383,222,31,18
381,223,31,18
378,224,31,18
375,225,31,18
371,226,31,18
367,227,31,18
363,228,31,18
359,229,31,18
355,230,31,18
351,231,31,18
346,231,31,18
342,231,31,18
337,232,32,18
332,231,32,18
327,231,32,18
323,231,32,18
319,231,32,18
316,231,31,18
313,232,31,18
