7.211102550927978
2.0
1.4142135623730951
2.0
2.0
1.0
2.0
1.4142135623730951
2.23606797749979
0.0
1.0
1.4142135623730951
0.0
1.0
2.0
1.0
2.0
1.0
2.23606797749979
2.0
2.23606797749979
5.830951894845301
6.4031242374328485
2.8284271247461903
1.0
2.0
1.4142135623730951
1.0
2.23606797749979
2.8284271247461903
5.0
7.211102550927978
12.727922061357855
17.804493814764857
19.209372712298546
22.02271554554524
27.586228448267445
32.01562118716424
35.608987629529715
37.53664875824692
1.4142135623730951
1.0
2.23606797749979
2.23606797749979
1.4142135623730951
1.0
1.4142135623730951
1.0
1.4142135623730951
1.0
2.23606797749979
1.4142135623730951
1.4142135623730951
1.4142135623730951
2.23606797749979
1.0
2.0
2.0
3.1622776601683795
1.0
2.0
1.4142135623730951
1.0
2.0
1.4142135623730951
1.4142135623730951
1.4142135623730951
1.0
1.4142135623730951
1.4142135623730951
2.0
1.4142135623730951
1.0
1.4142135623730951
1.4142135623730951
1.4142135623730951
1.4142135623730951
1.0
1.4142135623730951
2.0
1.0
1.4142135623730951
1.0
4.0
4.0
4.0
1.0
4.123105625617661
1.4142135623730951
1.0
2.23606797749979
3.0
4.123105625617661
4.123105625617661
5.0
6.082762530298219
6.082762530298219
7.0710678118654755
8.06225774829855
9.055385138137417
9.055385138137417
10.04987562112089
9.055385138137417
9.0
9.219544457292887
10.04987562112089
10.04987562112089
12.165525060596439
14.035668847618199
15.033296378372908
17.029386365926403
18.027756377319946
19.6468827043885
14.035668847618199
15.033296378372908
14.035668847618199
14.0
13.0
13.038404810405298
13.038404810405298
8.94427190999916
7.810249675906654
10.04987562112089
10.0
7.211102550927978
5.385164807134504
4.0
5.0
3.1622776601683795
3.1622776601683795
3.1622776601683795
2.23606797749979
2.23606797749979
1.4142135623730951
2.23606797749979
2.23606797749979
2.23606797749979
2.23606797749979
2.8284271247461903
1.0
3.0
2.23606797749979
4.0
4.47213595499958
2.23606797749979
3.605551275463989
9.848857801796104
10.770329614269007
11.180339887498949
10.295630140987
10.816653826391969
8.94427190999916
10.63014581273465
7.211102550927978
6.708203932499369
3.1622776601683795
4.0
3.1622776601683795
2.23606797749979
2.23606797749979
2.23606797749979
2.8284271247461903
2.23606797749979
1.0
0.0
2.23606797749979
0.0
2.23606797749979
2.23606797749979
3.1622776601683795
3.1622776601683795
4.0
5.0
2.0
1.4142135623730951
2.0
1.4142135623730951
1.4142135623730951
2.8284271247461903
2.0
2.8284271247461903
1.0
2.8284271247461903
2.0
2.23606797749979
1.0
1.4142135623730951
2.23606797749979
2.23606797749979
1.4142135623730951
2.0
2.23606797749979
2.0
2.23606797749979
1.4142135623730951
2.0
4.47213595499958
1.4142135623730951
1.4142135623730951
1.4142135623730951
2.23606797749979
1.0
0.0
2.23606797749979
1.0
2.23606797749979
2.8284271247461903
2.23606797749979
1.0
1.4142135623730951
1.4142135623730951
1.0
0.0
1.0
1.4142135623730951
1.4142135623730951
2.0
1.0
1.0
1.4142135623730951
0.0
3.0
4.123105625617661
14.422205101855956
8.602325267042627
6.324555320336759
9.848857801796104
12.727922061357855
13.416407864998739
21.18962010041709
24.698178070456937
26.248809496813376
28.460498941515414
31.38470965295043
38.07886552931954
6.082762530298219
4.47213595499958
3.1622776601683795
2.0
1.4142135623730951
2.0
1.0
3.1622776601683795
3.0
3.0
3.0
3.1622776601683795
2.23606797749979
4.47213595499958
3.1622776601683795
2.0
2.0
3.0
3.1622776601683795
2.23606797749979
2.23606797749979
2.23606797749979
2.23606797749979
3.1622776601683795
2.8284271247461903
2.23606797749979
2.0
2.0
3.1622776601683795
3.1622776601683795
5.385164807134504
3.0
3.605551275463989
1.4142135623730951
3.1622776601683795
1.4142135623730951
1.4142135623730951
1.0
3.0
2.0
2.0
2.0
0.0
3.605551275463989
2.0
3.605551275463989
1.4142135623730951
2.23606797749979
2.0
2.0
3.0
2.0
1.4142135623730951
3.1622776601683795
3.1622776601683795
3.1622776601683795
2.23606797749979
4.123105625617661
5.0990195135927845
5.0990195135927845
2.0
2.8284271247461903
4.0
3.1622776601683795
4.0
3.0
4.47213595499958
4.123105625617661
4.123105625617661
4.123105625617661
5.0990195135927845
4.123105625617661
4.123105625617661
5.0990195135927845
3.1622776601683795
3.0
2.0
4.123105625617661
4.123105625617661
3.0
3.1622776601683795
5.385164807134504
4.123105625617661
4.123105625617661
4.123105625617661
5.0990195135927845
4.123105625617661
2.8284271247461903
4.123105625617661
5.385164807134504
5.0990195135927845
7.280109889280518
5.0990195135927845
5.0990195135927845
5.0
5.0
5.0
5.385164807134504
5.0990195135927845
5.385164807134504
5.0990195135927845
5.0990195135927845
4.47213595499958
5.0990195135927845
5.385164807134504
4.123105625617661
5.656854249492381
9.0
7.280109889280518
10.04987562112089
6.082762530298219
10.04987562112089
7.280109889280518
11.045361017187261
5.0
6.082762530298219
10.0
6.4031242374328485
7.0710678118654755
9.055385138137417
5.656854249492381
7.615773105863909
7.280109889280518
5.385164807134504
10.04987562112089
5.385164807134504
11.045361017187261
5.385164807134504
6.0
3.1622776601683795
7.280109889280518
7.615773105863909
6.324555320336759
6.708203932499369
6.708203932499369
5.385164807134504
2.8284271247461903
7.615773105863909
8.54400374531753
8.94427190999916
9.848857801796104
9.848857801796104
9.848857801796104
9.848857801796104
5.0990195135927845
6.082762530298219
9.486832980505138
10.770329614269007
4.123105625617661
7.0
7.0710678118654755
7.0710678118654755
10.44030650891055
8.06225774829855
6.082762530298219
7.0710678118654755
8.54400374531753
6.324555320336759
10.295630140987
2.23606797749979
2.23606797749979
7.0710678118654755
2.8284271247461903
5.0
3.1622776601683795
