0.0
1.0
1.0
2.0
1.4142135623730951
0.0
0.0
1.0
1.4142135623730951
4.242640687119285
1.4142135623730951
1.0
0.0
4.242640687119285
1.0
3.605551275463989
2.23606797749979
1.4142135623730951
1.0
1.0
0.0
1.0
1.0
1.0
1.4142135623730951
2.23606797749979
1.0
1.4142135623730951
1.0
1.0
0.0
0.0
5.656854249492381
0.0
0.0
0.0
1.0
1.0
3.1622776601683795
2.0
5.0
7.211102550927978
3.605551275463989
5.0
2.23606797749979
5.830951894845301
3.1622776601683795
5.0
6.708203932499369
7.615773105863909
5.385164807134504
8.94427190999916
6.082762530298219
8.602325267042627
7.280109889280518
7.280109889280518
9.848857801796104
4.123105625617661
4.123105625617661
3.1622776601683795
2.23606797749979
3.605551275463989
3.0
3.0
2.0
2.23606797749979
2.23606797749979
2.23606797749979
2.0
3.1622776601683795
3.605551275463989
8.06225774829855
4.123105625617661
6.708203932499369
13.45362404707371
8.48528137423857
8.48528137423857
4.242640687119285
3.1622776601683795
1.0
3.605551275463989
6.4031242374328485
12.206555615733702
15.0
19.4164878389476
19.72308292331602
20.0
19.1049731745428
10.44030650891055
2.23606797749979
3.0
2.23606797749979
2.8284271247461903
2.8284271247461903
2.23606797749979
3.605551275463989
2.8284271247461903
1.4142135623730951
3.1622776601683795
4.47213595499958
7.810249675906654
5.830951894845301
8.48528137423857
4.242640687119285
2.23606797749979
5.830951894845301
2.23606797749979
1.4142135623730951
5.0
6.708203932499369
3.0
5.830951894845301
1.0
5.830951894845301
7.211102550927978
5.830951894845301
1.4142135623730951
6.708203932499369
5.830951894845301
3.1622776601683795
5.830951894845301
5.0
3.1622776601683795
5.656854249492381
2.23606797749979
5.385164807134504
3.1622776601683795
7.615773105863909
2.23606797749979
4.47213595499958
1.0
1.0
10.816653826391969
13.416407864998739
4.47213595499958
8.602325267042627
2.8284271247461903
10.0
5.385164807134504
8.06225774829855
4.242640687119285
2.8284271247461903
6.4031242374328485
4.242640687119285
8.06225774829855
2.23606797749979
1.0
0.0
2.23606797749979
1.4142135623730951
2.23606797749979
7.615773105863909
1.4142135623730951
1.0
6.4031242374328485
1.0
7.0710678118654755
10.63014581273465
14.142135623730951
15.556349186104045
14.212670403551895
16.97056274847714
13.45362404707371
9.899494936611665
15.556349186104045
12.806248474865697
11.40175425099138
11.40175425099138
10.816653826391969
10.63014581273465
14.866068747318506
14.866068747318506
14.866068747318506
14.866068747318506
7.211102550927978
2.0
9.219544457292887
9.219544457292887
5.830951894845301
6.4031242374328485
5.0
1.0
5.656854249492381
10.63014581273465
7.211102550927978
9.899494936611665
15.0
10.63014581273465
6.4031242374328485
5.656854249492381
8.48528137423857
2.8284271247461903
1.4142135623730951
2.23606797749979
0.0
4.47213595499958
2.8284271247461903
2.23606797749979
1.4142135623730951
0.0
2.0
1.0
1.0
1.0
5.0
2.0
1.0
5.0
1.4142135623730951
1.0
4.242640687119285
0.0
3.605551275463989
1.4142135623730951
1.4142135623730951
5.0
4.47213595499958
1.0
1.4142135623730951
1.4142135623730951
1.0
1.0
3.1622776601683795
1.0
3.605551275463989
2.0
2.8284271247461903
4.47213595499958
1.4142135623730951
2.0
5.385164807134504
1.0
5.0990195135927845
1.0
5.0990195135927845
1.0
4.47213595499958
1.4142135623730951
4.47213595499958
2.23606797749979
2.23606797749979
8.48528137423857
3.0
5.0990195135927845
7.810249675906654
3.1622776601683795
2.8284271247461903
3.0
8.602325267042627
1.4142135623730951
5.385164807134504
3.1622776601683795
4.123105625617661
2.0
6.082762530298219
10.816653826391969
3.1622776601683795
6.708203932499369
3.1622776601683795
3.1622776601683795
1.4142135623730951
7.615773105863909
9.433981132056603
15.811388300841896
13.601470508735444
5.0
3.1622776601683795
4.123105625617661
6.4031242374328485
11.661903789690601
3.605551275463989
8.06225774829855
2.0
5.0
2.0
7.810249675906654
1.0
6.4031242374328485
4.0
7.211102550927978
4.47213595499958
5.385164807134504
5.0990195135927845
4.47213595499958
5.830951894845301
6.708203932499369
6.708203932499369
5.830951894845301
5.830951894845301
7.810249675906654
4.123105625617661
6.708203932499369
7.211102550927978
10.0
7.810249675906654
10.63014581273465
5.0
8.06225774829855
5.0990195135927845
7.211102550927978
8.602325267042627
7.615773105863909
4.47213595499958
4.0
4.123105625617661
5.0
6.708203932499369
4.123105625617661
6.708203932499369
7.211102550927978
2.23606797749979
3.1622776601683795
6.324555320336759
4.0
7.615773105863909
4.123105625617661
8.54400374531753
4.123105625617661
7.615773105863909
1.4142135623730951
5.0
2.23606797749979
2.23606797749979
2.23606797749979
1.4142135623730951
3.1622776601683795
3.1622776601683795
4.123105625617661
0.0
3.0
3.1622776601683795
1.4142135623730951
4.0
4.123105625617661
2.23606797749979
3.1622776601683795
4.123105625617661
3.1622776601683795
1.4142135623730951
3.605551275463989
4.47213595499958
3.605551275463989
4.47213595499958
3.605551275463989
2.0
2.23606797749979
2.0
2.23606797749979
5.830951894845301
2.8284271247461903
3.1622776601683795
4.0
3.605551275463989
3.605551275463989
4.0
4.47213595499958
4.242640687119285
4.47213595499958
9.055385138137417
34.66987164671943
30.610455730027933
36.235341863986875
28.42534080710379
34.66987164671943
32.7566787083184
34.66987164671943
33.61547262794322
38.58756276314948
41.182520563948
53.85164807134504
31.016124838541646
36.6742416417845
40.024992192379
