4.47213595499958
3.1622776601683795
4.47213595499958
3.605551275463989
4.47213595499958
3.605551275463989
4.47213595499958
3.605551275463989
4.47213595499958
3.1622776601683795
4.47213595499958
3.1622776601683795
4.47213595499958
3.1622776601683795
3.1622776601683795
3.1622776601683795
3.605551275463989
3.605551275463989
4.47213595499958
3.605551275463989
4.242640687119285
3.605551275463989
3.605551275463989
5.0
3.605551275463989
3.605551275463989
3.605551275463989
4.242640687119285
3.1622776601683795
4.47213595499958
3.0
3.1622776601683795
3.605551275463989
4.123105625617661
4.123105625617661
4.47213595499958
3.0
3.0
3.1622776601683795
2.0
2.23606797749979
2.0
3.1622776601683795
2.23606797749979
2.23606797749979
2.23606797749979
2.23606797749979
3.1622776601683795
2.23606797749979
2.8284271247461903
2.8284271247461903
2.0
2.0
5.656854249492381
4.47213595499958
2.23606797749979
1.4142135623730951
1.4142135623730951
2.0
2.0
2.0
3.0
3.0
3.0
3.1622776601683795
3.1622776601683795
3.0
3.0
3.0
3.0
2.23606797749979
2.23606797749979
2.23606797749979
2.23606797749979
2.23606797749979
2.8284271247461903
1.0
3.0
3.1622776601683795
3.1622776601683795
5.385164807134504
4.0
5.0990195135927845
2.0
4.0
4.0
5.0
7.0710678118654755
3.0
3.0
3.1622776601683795
5.0990195135927845
7.0710678118654755
4.0
7.0
6.082762530298219
4.0
1.0
25.019992006393608
28.0
32.0624390837628
34.0147027033899
35.014282800023196
29.427877939124322
25.96150997149434
21.540659228538015
7.0710678118654755
7.0710678118654755
6.082762530298219
3.1622776601683795
3.1622776601683795
2.0
3.1622776601683795
1.4142135623730951
2.23606797749979
1.4142135623730951
2.23606797749979
2.23606797749979
2.0
1.4142135623730951
2.23606797749979
1.4142135623730951
1.4142135623730951
1.4142135623730951
1.4142135623730951
2.23606797749979
1.4142135623730951
2.8284271247461903
3.1622776601683795
2.23606797749979
2.23606797749979
1.4142135623730951
2.23606797749979
1.4142135623730951
2.23606797749979
2.8284271247461903
1.4142135623730951
1.4142135623730951
1.4142135623730951
1.4142135623730951
1.0
1.0
1.0
1.0
2.0
2.0
1.0
2.0
2.0
3.0
