97.95918367346938
96.7741935483871
96.7741935483871
96.7741935483871
96.7741935483871
97.87234042553192
97.87234042553192
97.87234042553192
97.87234042553192
87.3758865248227
100.0
100.0
100.0
89.27536231884058
100.0
91.30434782608695
96.66666666666667
94.40613026819923
94.40613026819923
94.40613026819923
94.40613026819923
94.40613026819923
94.40613026819923
94.40613026819923
94.40613026819923
97.72727272727273
100.0
100.0
100.0
100.0
100.0
100.0
86.52597402597402
97.67441860465115
97.67441860465115
97.67441860465115
97.67441860465115
97.67441860465115
94.18604651162791
97.67441860465115
92.5925925925926
83.15696649029982
96.29629629629629
90.38800705467372
96.29629629629629
86.77248677248677
96.29629629629629
90.38800705467372
86.30393996247655
82.55159474671669
90.0562851782364
76.82926829268293
86.30393996247655
80.38461538461539
80.76923076923077
80.76923076923077
75.0
90.0562851782364
90.0562851782364
93.80863039399625
97.5609756097561
96.15384615384616
96.15384615384616
96.15384615384616
100.0
100.0
93.53846153846153
93.53846153846153
93.53846153846153
93.53846153846153
93.53846153846153
77.94871794871796
92.0
82.3157894736842
52.21052631578947
71.57894736842105
71.57894736842105
96.0
96.0
96.0
96.0
79.57894736842105
56.14035087719298
42.76315789473684
27.631578947368425
25.438596491228072
26.351351351351347
30.193236714975846
71.01449275362319
95.65217391304348
95.65217391304348
95.65217391304348
92.9192546583851
92.9192546583851
92.9192546583851
92.9192546583851
92.9192546583851
95.65217391304348
93.24324324324324
95.83333333333334
82.89473684210526
91.66666666666666
80.5921052631579
96.0
96.0
88.0
96.0
96.0
91.07692307692308
81.84615384615384
93.53846153846153
85.74358974358974
93.53846153846153
85.74358974358974
82.5
88.46153846153845
100.0
84.61538461538461
86.72086720867209
90.33423667570008
86.72086720867209
92.5925925925926
92.5925925925926
90.38800705467372
96.29629629629629
87.20930232558139
94.18604651162791
80.23255813953489
97.67441860465115
92.85714285714286
100.0
100.0
69.88636363636364
59.9025974025974
87.66283524904215
74.02298850574712
94.40613026819923
72.26053639846744
84.78260869565217
79.71014492753623
89.27536231884058
94.56521739130434
86.08695652173914
89.27536231884058
78.01418439716312
97.87234042553192
97.87234042553192
97.87234042553192
97.87234042553192
96.7741935483871
96.7741935483871
77.93367346938776
97.95918367346938
97.95918367346938
85.1875
100.0
78.75
64.0625
50.98039215686274
47.41532976827095
53.59477124183007
43.969102792632206
56.030897207367794
66.42899584076055
52.03619909502263
58.371040723981906
64.14027149321268
64.14027149321268
66.51583710407239
65.66742081447964
51.11111111111111
51.11111111111111
51.11111111111111
51.11111111111111
72.5925925925926
93.54497354497354
76.19047619047619
76.19047619047619
83.74025974025973
82.12987012987013
86.44155844155844
93.6103896103896
84.77922077922078
69.81818181818183
79.48051948051949
72.31168831168831
58.59740259740259
69.81818181818183
82.12987012987013
84.77922077922078
76.36363636363637
93.75
93.88335704125178
87.95637743006164
95.59032716927453
82.21906116642958
89.61593172119487
91.27548601232812
93.88335704125178
95.59032716927453
92.17638691322901
93.88335704125178
92.17638691322901
95.59032716927453
79.80085348506401
94.64285714285714
96.42857142857143
82.53968253968253
95.48611111111111
97.22222222222221
85.11904761904762
100.0
86.75595238095238
93.6103896103896
93.6103896103896
80.51948051948052
83.74025974025973
95.34391534391534
95.34391534391534
98.07692307692307
98.07692307692307
100.0
91.45927601809954
95.06833036244801
88.41354723707666
96.875
94.9375
89.125
100.0
94.89795918367348
85.71428571428571
97.95918367346938
89.79591836734694
97.95918367346938
89.79591836734694
97.95918367346938
88.96683673469387
97.95918367346938
88.96683673469387
94.89795918367348
94.75806451612904
70.56451612903226
95.74468085106383
89.36170212765957
77.2463768115942
95.65217391304348
96.66666666666667
95.65217391304348
72.79693486590038
94.40613026819923
87.96934865900383
96.42857142857143
95.45454545454545
100.0
88.63636363636364
67.20779220779221
97.72727272727273
85.47077922077922
95.34883720930233
97.67441860465115
96.29629629629629
81.56966490299824
70.64137308039747
47.15447154471545
56.00722673893406
89.25022583559169
93.94760614272809
91.59891598915989
85.38461538461539
64.61538461538461
97.5
80.76923076923077
100.0
91.34615384615384
100.0
76.15384615384615
93.53846153846153
81.23076923076923
91.07692307692308
76.71794871794872
97.36842105263158
92.10526315789474
94.73684210526315
94.73684210526315
88.26754385964912
85.47297297297297
85.47297297297297
88.06306306306307
88.06306306306307
79.71014492753623
92.9951690821256
87.68115942028986
83.69565217391305
71.1352657004831
79.71014492753623
67.3913043478261
92.9192546583851
80.8695652173913
90.1863354037267
83.47826086956522
77.01863354037268
84.72049689440993
97.14285714285714
97.14285714285714
97.14285714285714
94.28571428571428
88.57142857142857
97.14285714285714
88.57142857142857
84.54545454545455
100.0
100.0
91.17647058823529
97.05882352941177
84.22459893048129
97.05882352941177
81.41711229946524
97.05882352941177
84.22459893048129
100.0
94.11764705882352
100.0
100.0
100.0
100.0
92.35209235209236
92.35209235209236
92.35209235209236
92.35209235209236
92.35209235209236
92.35209235209236
92.35209235209236
92.35209235209236
92.35209235209236
92.35209235209236
92.35209235209236
92.35209235209236
92.35209235209236
92.35209235209236
95.23809523809523
95.23809523809523
95.23809523809523
95.23809523809523
95.23809523809523
95.23809523809523
95.23809523809523
95.23809523809523
95.23809523809523
90.0
100.0
100.0
95.0
100.0
100.0
95.0
96.875
100.0
96.875
81.25
0
0
0
0.0
0
0
0
0
0
0
0
0
0
0
