60.02886002886003
83.7465564738292
85.39944903581267
81.28342245989305
81.28342245989305
85.56149732620321
81.28342245989305
85.56149732620321
81.28342245989305
85.56149732620321
85.56149732620321
85.56149732620321
85.56149732620321
85.56149732620321
81.28342245989305
85.56149732620321
81.28342245989305
85.56149732620321
81.28342245989305
81.28342245989305
81.28342245989305
64.1711229946524
62.03208556149733
78.7433155080214
85.56149732620321
81.28342245989305
85.56149732620321
85.56149732620321
81.28342245989305
78.7433155080214
69.78609625668449
61.36363636363637
38.50267379679144
24.598930481283425
20.588235294117645
13.368983957219251
5.614973262032086
2.406417112299465
0.0
0
85.56149732620321
85.56149732620321
81.28342245989305
81.28342245989305
85.56149732620321
85.56149732620321
85.56149732620321
85.56149732620321
85.56149732620321
85.56149732620321
81.28342245989305
85.56149732620321
85.56149732620321
85.56149732620321
82.88770053475936
79.5031055900621
75.527950310559
75.527950310559
71.55279503105591
95.40372670807453
75.527950310559
95.40372670807453
95.40372670807453
75.527950310559
95.40372670807453
95.40372670807453
95.40372670807453
95.40372670807453
95.40372670807453
95.40372670807453
75.527950310559
95.40372670807453
95.40372670807453
95.40372670807453
95.40372670807453
95.40372670807453
95.40372670807453
95.40372670807453
95.40372670807453
80.24844720496894
82.1256038647343
82.1256038647343
82.1256038647343
67.5776397515528
67.5776397515528
67.5776397515528
81.98757763975155
67.5776397515528
81.98757763975155
84.472049689441
78.01932367149759
73.91304347826086
69.80676328502415
69.80676328502415
65.70048309178745
61.59420289855072
61.59420289855072
57.48792270531401
53.3816425120773
49.275362318840585
49.275362318840585
45.169082125603865
53.6036036036036
53.6036036036036
52.02702702702703
49.77477477477478
49.77477477477478
40.87837837837838
34.45945945945946
30.630630630630627
22.972972972972975
19.144144144144143
13.596491228070176
33.55263157894737
29.82456140350877
33.55263157894737
33.55263157894737
37.280701754385966
37.280701754385966
37.280701754385966
52.63157894736842
57.78508771929825
48.46491228070175
48.46491228070175
59.64912280701754
73.68421052631578
68.0
64.42105263157895
75.78947368421053
90.94736842105264
75.78947368421053
94.76923076923077
91.38461538461537
91.38461538461537
91.38461538461537
91.38461538461537
91.38461538461537
91.38461538461537
91.38461538461537
91.38461538461537
72.6923076923077
91.38461538461537
69.23076923076923
68.2051282051282
77.53846153846153
71.7948717948718
50.76923076923077
47.38461538461539
45.94871794871795
49.23076923076923
47.69230769230769
50.76923076923077
49.23076923076923
57.53846153846154
59.282051282051285
87.23076923076923
83.07692307692307
88.84615384615385
91.38461538461537
91.38461538461537
91.38461538461537
91.38461538461537
91.38461538461537
91.38461538461537
91.38461538461537
91.38461538461537
91.38461538461537
91.38461538461537
91.38461538461537
87.23076923076923
87.23076923076923
83.07692307692307
78.92307692307692
91.38461538461537
91.38461538461537
91.38461538461537
91.38461538461537
91.38461538461537
91.38461538461537
91.38461538461537
91.38461538461537
91.38461538461537
91.38461538461537
91.38461538461537
91.38461538461537
91.38461538461537
91.38461538461537
91.38461538461537
91.38461538461537
91.38461538461537
91.38461538461537
91.38461538461537
76.15384615384615
76.15384615384615
91.38461538461537
85.85365853658537
65.04065040650406
85.85365853658537
85.85365853658537
85.85365853658537
85.85365853658537
85.85365853658537
85.85365853658537
78.04878048780488
85.85365853658537
89.7560975609756
74.79674796747967
78.04878048780488
85.85365853658537
85.85365853658537
93.65853658536585
85.85365853658537
85.85365853658537
85.85365853658537
93.65853658536585
85.85365853658537
73.01587301587301
91.42857142857143
91.42857142857143
80.42328042328042
91.42857142857143
69.84126984126983
70.37037037037037
37.2093023255814
55.23255813953488
73.05194805194806
58.160919540229884
45.51724137931035
38.62068965517241
18.773946360153257
10.114942528735632
5.210727969348659
0.0
0
0
63.12292358803987
81.42857142857143
80.36781609195403
83.86206896551722
83.86206896551722
88.83116883116882
88.83116883116882
70.94155844155844
70.94155844155844
70.94155844155844
70.94155844155844
70.94155844155844
88.83116883116882
64.06130268199234
66.97318007662835
83.86206896551722
83.86206896551722
66.97318007662835
66.97318007662835
83.86206896551722
79.30434782608695
79.30434782608695
79.30434782608695
69.56521739130434
81.70212765957446
81.70212765957446
81.70212765957446
88.51063829787232
67.20430107526882
67.20430107526882
61.224489795918366
79.59183673469387
79.59183673469387
79.59183673469387
79.59183673469387
79.59183673469387
79.59183673469387
79.59183673469387
78.0
78.0
78.0
81.89999999999999
81.89999999999999
77.8609625668449
77.8609625668449
77.8609625668449
77.8609625668449
77.8609625668449
74.11764705882352
74.11764705882352
74.11764705882352
74.11764705882352
74.11764705882352
69.33333333333333
69.33333333333333
69.33333333333333
78.22222222222223
61.71428571428571
59.42857142857143
59.42857142857143
76.8
76.8
73.33333333333333
73.33333333333333
73.33333333333333
73.33333333333333
70.09957325746798
70.09957325746798
70.09957325746798
70.09957325746798
56.33001422475107
70.09957325746798
67.07803992740472
67.07803992740472
67.07803992740472
67.07803992740472
70.12704174228675
66.05128205128206
66.05128205128206
66.05128205128206
66.05128205128206
67.86885245901638
67.86885245901638
67.86885245901638
67.86885245901638
67.86885245901638
67.86885245901638
67.86885245901638
64.11149825783973
64.11149825783973
64.11149825783973
49.08536585365854
65.85365853658537
65.85365853658537
65.85365853658537
65.85365853658537
65.85365853658537
65.85365853658537
65.85365853658537
65.85365853658537
65.85365853658537
65.85365853658537
65.85365853658537
65.85365853658537
65.85365853658537
65.85365853658537
65.85365853658537
53.42624854819977
55.749128919860624
52.264808362369344
66.89895470383274
52.264808362369344
55.749128919860624
51.10336817653891
64.11149825783973
66.89895470383274
52.264808362369344
64.11149825783973
65.85365853658537
53.734756097560975
63.10975609756097
65.85365853658537
65.85365853658537
65.85365853658537
52.59146341463414
65.85365853658537
51.44817073170732
65.85365853658537
63.2967032967033
73.22033898305085
58.47457627118644
58.47457627118644
59.7457627118644
59.7457627118644
59.7457627118644
61.016949152542374
73.22033898305085
63.72881355932203
57.20338983050848
57.20338983050848
55.932203389830505
55.932203389830505
55.932203389830505
55.932203389830505
61.016949152542374
59.7457627118644
56.896551724137936
55.603448275862064
74.48275862068965
61.0079575596817
61.0079575596817
59.6816976127321
57.02917771883289
58.355437665782496
60.72874493927125
59.37921727395412
55.58633425669437
58.17174515235457
55.26315789473685
69.47368421052632
69.47368421052632
56.57894736842105
69.47368421052632
69.47368421052632
71.35135135135135
