67.22689075630252
73.94957983193278
67.22689075630252
71.70868347338936
67.22689075630252
71.70868347338936
67.22689075630252
71.70868347338936
67.22689075630252
73.94957983193278
67.22689075630252
73.94957983193278
67.22689075630252
73.94957983193278
73.94957983193278
73.94957983193278
73.80952380952381
76.19047619047619
73.80952380952381
76.19047619047619
71.70868347338936
76.19047619047619
76.19047619047619
69.46778711484593
76.19047619047619
76.19047619047619
76.19047619047619
71.70868347338936
80.67226890756302
73.80952380952381
80.67226890756302
80.67226890756302
76.19047619047619
78.15126050420169
78.15126050420169
73.80952380952381
80.67226890756302
80.67226890756302
80.67226890756302
80.81632653061224
80.81632653061224
94.04081632653062
75.91836734693878
78.36734693877551
78.36734693877551
78.36734693877551
78.57142857142857
76.19047619047619
78.57142857142857
75.0
77.27272727272727
92.72727272727272
92.72727272727272
82.42424242424241
92.12121212121211
92.72727272727272
92.72727272727272
92.72727272727272
94.28571428571428
94.28571428571428
94.28571428571428
91.42857142857143
91.42857142857143
91.42857142857143
76.19047619047619
91.42857142857143
91.42857142857143
91.42857142857143
91.42857142857143
91.42857142857143
92.72727272727272
92.72727272727272
92.72727272727272
92.72727272727272
79.54545454545455
77.27272727272727
92.72727272727272
87.27272727272728
87.27272727272728
87.27272727272728
81.8181818181818
84.15584415584415
81.35064935064935
87.56756756756756
82.26044226044225
82.26044226044225
80.0956937799043
74.92822966507177
85.26315789473684
85.26315789473684
85.26315789473684
80.0956937799043
71.67048054919907
79.08466819221968
71.67048054919907
72.4472049689441
69.16770186335403
73.65728900255755
17.96791443850267
10.267379679144383
0.0
0
0
8.727272727272727
14.367346938775508
21.224489795918366
67.91836734693878
67.91836734693878
70.53061224489797
78.36734693877551
78.36734693877551
80.97959183673468
80.67226890756302
86.05042016806722
83.36134453781511
86.05042016806722
83.36134453781511
71.70868347338936
83.36134453781511
86.05042016806722
83.36134453781511
86.05042016806722
86.05042016806722
86.05042016806722
86.05042016806722
83.36134453781511
86.05042016806722
69.26406926406926
80.67226890756302
83.36134453781511
83.36134453781511
86.05042016806722
83.36134453781511
86.05042016806722
83.36134453781511
69.46778711484593
86.05042016806722
86.05042016806722
86.05042016806722
86.05042016806722
86.05042016806722
80.67226890756302
80.67226890756302
80.67226890756302
93.78151260504202
93.78151260504202
80.67226890756302
93.78151260504202
93.78151260504202
90.75630252100841
