4.0
2.8284271247461903
3.605551275463989
4.242640687119285
2.23606797749979
2.8284271247461903
3.1622776601683795
1.4142135623730951
2.23606797749979
1.4142135623730951
2.23606797749979
1.4142135623730951
1.4142135623730951
1.4142135623730951
1.4142135623730951
2.0
4.0
3.1622776601683795
4.0
3.1622776601683795
3.0
3.0
3.1622776601683795
3.0
3.0
3.0
3.1622776601683795
3.0
3.1622776601683795
3.0
2.23606797749979
3.0
3.0
3.0
3.1622776601683795
3.0
3.1622776601683795
3.1622776601683795
3.0
2.23606797749979
2.0
1.4142135623730951
2.23606797749979
2.8284271247461903
1.4142135623730951
1.4142135623730951
2.23606797749979
2.23606797749979
1.4142135623730951
0.0
2.23606797749979
3.1622776601683795
3.605551275463989
4.123105625617661
3.605551275463989
3.1622776601683795
3.0
4.0
3.605551275463989
4.242640687119285
4.242640687119285
4.242640687119285
3.605551275463989
3.605551275463989
2.8284271247461903
3.605551275463989
2.23606797749979
2.8284271247461903
3.1622776601683795
2.8284271247461903
1.0
1.0
1.0
0.0
0.0
1.0
3.1622776601683795
4.47213595499958
3.605551275463989
3.605551275463989
5.830951894845301
7.615773105863909
11.40175425099138
8.246211251235321
8.06225774829855
7.0710678118654755
7.0710678118654755
7.0710678118654755
4.123105625617661
4.123105625617661
3.605551275463989
5.0990195135927845
6.082762530298219
5.0
8.246211251235321
8.06225774829855
11.40175425099138
11.40175425099138
13.416407864998739
16.55294535724685
26.476404589747453
30.0
30.01666203960727
21.02379604162864
14.035668847618199
10.198039027185569
11.045361017187261
10.04987562112089
9.055385138137417
5.0990195135927845
5.0990195135927845
2.23606797749979
2.0
1.4142135623730951
2.8284271247461903
2.23606797749979
2.23606797749979
2.23606797749979
2.0
2.0
1.4142135623730951
1.4142135623730951
2.23606797749979
3.1622776601683795
2.23606797749979
1.4142135623730951
2.0
2.23606797749979
2.23606797749979
1.4142135623730951
1.4142135623730951
1.4142135623730951
2.23606797749979
1.4142135623730951
1.4142135623730951
2.23606797749979
2.23606797749979
1.0
1.4142135623730951
0.0
1.0
1.0
1.0
1.0
2.23606797749979
2.23606797749979
1.0
1.4142135623730951
1.4142135623730951
1.4142135623730951
