5.830951894845301
4.47213595499958
2.23606797749979
1.0
1.0
1.0
1.4142135623730951
1.0
1.0
1.0
1.4142135623730951
1.0
1.0
1.4142135623730951
1.4142135623730951
1.0
1.4142135623730951
1.0
1.4142135623730951
1.4142135623730951
2.23606797749979
1.0
1.4142135623730951
1.0
1.0
1.4142135623730951
0.0
1.0
1.4142135623730951
2.23606797749979
4.0
7.615773105863909
10.63014581273465
17.204650534085253
31.240998703626616
31.89043743820395
31.827660925679098
31.827660925679098
31.827660925679098
32.55764119219941
1.0
1.0
1.0
1.4142135623730951
0.0
1.0
1.0
0.0
1.0
0.0
1.0
0.0
1.0
2.0
2.8284271247461903
1.0
1.0
1.0
1.4142135623730951
1.0
1.0
1.0
1.0
1.4142135623730951
1.0
1.4142135623730951
1.0
1.0
1.0
1.0
1.0
1.0
0.0
1.0
2.0
1.0
2.0
0.0
0.0
1.4142135623730951
2.8284271247461903
4.242640687119285
4.242640687119285
3.605551275463989
3.0
3.1622776601683795
3.0
3.605551275463989
1.4142135623730951
2.0
1.0
2.23606797749979
2.0
3.1622776601683795
4.0
4.123105625617661
5.0
6.0
6.0
8.0
8.06225774829855
9.055385138137417
6.082762530298219
7.0
6.0
7.0710678118654755
9.055385138137417
10.0
11.045361017187261
13.038404810405298
14.0
16.0312195418814
16.278820596099706
11.045361017187261
12.041594578792296
11.0
11.0
11.045361017187261
11.0
10.04987562112089
10.0
8.246211251235321
8.06225774829855
7.211102550927978
7.211102550927978
6.4031242374328485
4.0
4.123105625617661
4.123105625617661
4.0
4.123105625617661
6.324555320336759
8.246211251235321
9.055385138137417
8.0
5.830951894845301
0.0
1.0
1.0
2.0
1.4142135623730951
0.0
3.605551275463989
3.1622776601683795
2.23606797749979
2.0
1.4142135623730951
1.0
1.4142135623730951
1.0
1.0
2.0
1.0
1.4142135623730951
1.0
4.0
5.0990195135927845
5.0990195135927845
1.0
0.0
1.4142135623730951
0.0
0.0
1.0
1.0
3.1622776601683795
2.23606797749979
3.0
4.123105625617661
5.0
5.0990195135927845
5.0
6.0
4.0
3.1622776601683795
0.0
1.0
1.0
0.0
0.0
1.0
0.0
1.0
0.0
1.0
1.0
0.0
1.0
1.0
1.0
1.0
0.0
1.4142135623730951
0.0
1.0
1.0
1.0
0.0
1.0
1.0
1.0
2.0
2.0
2.0
2.0
2.23606797749979
2.23606797749979
2.0
2.0
0.0
1.4142135623730951
1.4142135623730951
2.23606797749979
2.23606797749979
1.0
4.47213595499958
0.0
1.4142135623730951
1.0
2.23606797749979
1.0
2.23606797749979
3.1622776601683795
13.601470508735444
12.206555615733702
8.94427190999916
9.0
12.0
18.027756377319946
23.021728866442675
26.019223662515376
28.071337695236398
31.016124838541646
34.0
5.0990195135927845
1.0
2.0
5.0
4.123105625617661
1.4142135623730951
2.23606797749979
2.23606797749979
2.8284271247461903
3.1622776601683795
1.4142135623730951
2.23606797749979
0.0
2.23606797749979
3.1622776601683795
1.4142135623730951
1.0
1.0
1.0
2.23606797749979
1.4142135623730951
0.0
0.0
1.0
1.4142135623730951
1.0
1.0
1.0
1.4142135623730951
0.0
0.0
1.0
0.0
2.23606797749979
1.4142135623730951
1.0
1.4142135623730951
1.0
1.4142135623730951
0.0
1.0
1.4142135623730951
0.0
0.0
1.0
0.0
1.4142135623730951
1.0
0.0
2.8284271247461903
0.0
1.4142135623730951
1.0
1.4142135623730951
1.0
1.0
1.4142135623730951
1.0
1.0
1.4142135623730951
1.4142135623730951
1.4142135623730951
1.4142135623730951
1.0
0.0
1.4142135623730951
1.0
1.4142135623730951
1.0
1.4142135623730951
1.0
2.23606797749979
1.4142135623730951
4.242640687119285
1.0
2.0
1.4142135623730951
1.4142135623730951
3.605551275463989
1.4142135623730951
1.0
0.0
5.0
1.0
2.0
0.0
1.0
1.0
2.23606797749979
1.0
1.0
1.4142135623730951
1.4142135623730951
1.4142135623730951
1.0
1.4142135623730951
1.4142135623730951
1.4142135623730951
1.0
1.4142135623730951
1.0
1.4142135623730951
1.0
0.0
1.4142135623730951
1.0
1.0
1.4142135623730951
3.1622776601683795
2.8284271247461903
1.4142135623730951
0.0
0.0
1.4142135623730951
0.0
1.0
1.0
1.0
1.0
1.0
0.0
0.0
1.4142135623730951
2.0
1.4142135623730951
2.8284271247461903
3.605551275463989
5.0
2.8284271247461903
2.23606797749979
3.605551275463989
4.123105625617661
4.0
3.0
5.0
4.47213595499958
5.0
4.123105625617661
5.656854249492381
7.0710678118654755
9.219544457292887
8.48528137423857
10.63014581273465
7.810249675906654
7.211102550927978
3.605551275463989
5.656854249492381
4.242640687119285
4.242640687119285
2.23606797749979
3.605551275463989
3.1622776601683795
7.615773105863909
5.830951894845301
1.4142135623730951
5.656854249492381
1.0
7.211102550927978
1.4142135623730951
5.0
4.242640687119285
1.4142135623730951
5.385164807134504
5.830951894845301
5.0
3.605551275463989
