5.830951894845301
2.0
5.656854249492381
4.242640687119285
4.47213595499958
3.0
4.47213595499958
5.0
4.47213595499958
5.0
2.8284271247461903
1.0
3.605551275463989
2.23606797749979
3.605551275463989
5.656854249492381
6.4031242374328485
2.8284271247461903
0.0
2.23606797749979
2.8284271247461903
4.47213595499958
2.0
4.242640687119285
2.0
2.0
2.0
1.0
1.4142135623730951
1.0
2.23606797749979
2.23606797749979
1.4142135623730951
4.242640687119285
1.4142135623730951
1.0
1.0
1.0
1.4142135623730951
2.23606797749979
1.0
2.8284271247461903
0.0
2.0
2.23606797749979
1.0
3.1622776601683795
3.1622776601683795
4.123105625617661
7.280109889280518
6.708203932499369
7.0710678118654755
8.94427190999916
10.44030650891055
12.083045973594572
10.770329614269007
13.038404810405298
10.770329614269007
13.038404810405298
9.848857801796104
11.180339887498949
10.770329614269007
11.180339887498949
13.038404810405298
8.54400374531753
10.770329614269007
10.0
7.615773105863909
8.94427190999916
10.295630140987
9.486832980505138
10.295630140987
7.810249675906654
11.661903789690601
8.602325267042627
9.433981132056603
7.0710678118654755
7.280109889280518
7.280109889280518
6.4031242374328485
9.433981132056603
10.770329614269007
6.708203932499369
7.0
6.0
3.605551275463989
1.4142135623730951
4.242640687119285
11.180339887498949
10.44030650891055
10.816653826391969
9.433981132056603
6.4031242374328485
6.4031242374328485
7.810249675906654
9.899494936611665
9.433981132056603
8.602325267042627
5.830951894845301
5.656854249492381
5.0
5.0
6.4031242374328485
6.708203932499369
4.242640687119285
3.1622776601683795
2.8284271247461903
3.1622776601683795
1.4142135623730951
2.0
2.23606797749979
1.0
1.0
2.8284271247461903
2.23606797749979
2.23606797749979
1.0
2.23606797749979
4.123105625617661
1.4142135623730951
2.23606797749979
3.1622776601683795
2.0
4.123105625617661
5.0
1.4142135623730951
4.47213595499958
5.0
5.0
1.4142135623730951
2.23606797749979
1.0
2.23606797749979
4.47213595499958
1.4142135623730951
0.0
1.0
4.47213595499958
5.830951894845301
2.0
1.4142135623730951
1.4142135623730951
6.4031242374328485
6.708203932499369
3.1622776601683795
3.0
3.1622776601683795
2.8284271247461903
3.605551275463989
1.4142135623730951
3.605551275463989
5.656854249492381
7.211102550927978
4.47213595499958
4.47213595499958
7.810249675906654
4.123105625617661
4.47213595499958
7.0710678118654755
8.246211251235321
10.198039027185569
5.0990195135927845
4.123105625617661
1.4142135623730951
6.324555320336759
7.0710678118654755
5.385164807134504
5.385164807134504
1.4142135623730951
2.23606797749979
6.324555320336759
6.0
7.280109889280518
7.0
5.0990195135927845
4.0
5.0
1.0
3.0
6.082762530298219
8.06225774829855
8.54400374531753
9.219544457292887
5.385164807134504
8.246211251235321
11.0
10.198039027185569
8.06225774829855
10.04987562112089
10.04987562112089
7.0710678118654755
12.165525060596439
16.55294535724685
18.681541692269406
18.681541692269406
21.587033144922902
26.68332812825267
11.180339887498949
12.083045973594572
13.92838827718412
14.866068747318506
13.038404810405298
11.180339887498949
10.295630140987
12.083045973594572
15.231546211727817
11.40175425099138
13.152946437965905
11.045361017187261
12.165525060596439
13.341664064126334
13.601470508735444
11.180339887498949
12.165525060596439
10.770329614269007
9.848857801796104
10.770329614269007
7.0710678118654755
10.295630140987
8.246211251235321
9.219544457292887
11.180339887498949
8.246211251235321
10.295630140987
11.180339887498949
9.219544457292887
9.219544457292887
11.704699910719626
13.038404810405298
10.295630140987
8.94427190999916
10.295630140987
8.94427190999916
11.704699910719626
10.295630140987
12.649110640673518
13.038404810405298
13.341664064126334
13.416407864998739
12.36931687685298
11.704699910719626
12.36931687685298
11.40175425099138
11.180339887498949
9.219544457292887
11.704699910719626
11.180339887498949
12.649110640673518
9.219544457292887
8.0
8.94427190999916
9.219544457292887
8.94427190999916
11.704699910719626
9.486832980505138
9.0
8.54400374531753
8.94427190999916
13.892443989449804
9.486832980505138
9.848857801796104
6.324555320336759
8.602325267042627
8.602325267042627
8.602325267042627
8.602325267042627
11.40175425099138
8.94427190999916
8.54400374531753
7.0
6.082762530298219
8.54400374531753
7.0710678118654755
7.0710678118654755
7.0710678118654755
5.0990195135927845
3.1622776601683795
5.385164807134504
7.0
9.486832980505138
9.486832980505138
7.280109889280518
6.708203932499369
10.0
10.295630140987
6.708203932499369
7.615773105863909
6.708203932499369
6.708203932499369
6.708203932499369
7.211102550927978
7.211102550927978
7.810249675906654
7.211102550927978
5.830951894845301
7.615773105863909
8.48528137423857
6.708203932499369
9.219544457292887
7.810249675906654
5.830951894845301
7.0710678118654755
7.211102550927978
7.0710678118654755
8.48528137423857
6.4031242374328485
5.0
6.4031242374328485
7.810249675906654
8.06225774829855
7.810249675906654
7.211102550927978
7.615773105863909
7.615773105863909
8.246211251235321
7.615773105863909
7.615773105863909
6.324555320336759
5.0990195135927845
4.0
4.123105625617661
2.0
3.1622776601683795
1.0
3.1622776601683795
5.385164807134504
4.242640687119285
5.385164807134504
2.23606797749979
1.0
2.23606797749979
1.0
6.082762530298219
4.47213595499958
6.082762530298219
4.0
7.0710678118654755
7.280109889280518
6.082762530298219
7.0710678118654755
7.0
6.082762530298219
7.0710678118654755
7.280109889280518
8.54400374531753
5.0990195135927845
5.0
5.0990195135927845
7.280109889280518
7.615773105863909
5.385164807134504
7.615773105863909
8.246211251235321
8.06225774829855
7.615773105863909
7.280109889280518
7.615773105863909
7.615773105863909
7.280109889280518
7.0710678118654755
7.0710678118654755
8.246211251235321
4.47213595499958
8.94427190999916
8.06225774829855
10.0
12.041594578792296
11.40175425099138
8.54400374531753
9.055385138137417
14.035668847618199
26.019223662515376
26.0
