86.83473389355743
90.47619047619048
85.71428571428571
85.71428571428571
90.47619047619048
90.47619047619048
85.71428571428571
95.23809523809523
95.23809523809523
95.23809523809523
95.23809523809523
95.23809523809523
95.23809523809523
95.23809523809523
95.23809523809523
95.23809523809523
92.43697478991596
95.23809523809523
92.43697478991596
95.23809523809523
95.23809523809523
95.23809523809523
95.23809523809523
95.23809523809523
95.23809523809523
95.23809523809523
95.23809523809523
95.23809523809523
95.23809523809523
95.23809523809523
95.23809523809523
95.23809523809523
95.23809523809523
95.23809523809523
95.23809523809523
95.23809523809523
95.23809523809523
95.23809523809523
95.23809523809523
92.51700680272108
92.51700680272108
92.51700680272108
92.51700680272108
92.51700680272108
92.51700680272108
92.51700680272108
95.23809523809523
95.23809523809523
95.23809523809523
100.0
100.0
95.45454545454545
95.45454545454545
90.9090909090909
95.45454545454545
95.45454545454545
95.45454545454545
90.9090909090909
95.23809523809523
95.23809523809523
95.23809523809523
95.23809523809523
95.23809523809523
95.23809523809523
95.23809523809523
95.23809523809523
95.23809523809523
95.23809523809523
95.23809523809523
95.23809523809523
100.0
100.0
100.0
100.0
100.0
100.0
95.45454545454545
100.0
100.0
100.0
92.8030303030303
90.0
94.9090909090909
89.1891891891892
89.1891891891892
91.8918918918919
92.10526315789474
92.10526315789474
100.0
100.0
100.0
97.36842105263158
90.61784897025171
90.61784897025171
83.06636155606407
79.5031055900621
63.35403726708074
65.21739130434783
64.97326203208557
56.81818181818182
35.56149732620321
28.57142857142857
28.57142857142857
54.285714285714285
70.74829931972789
81.63265306122449
78.91156462585033
81.63265306122449
84.35374149659864
92.51700680272108
92.51700680272108
92.51700680272108
95.23809523809523
95.23809523809523
95.23809523809523
95.23809523809523
95.23809523809523
95.23809523809523
95.23809523809523
95.23809523809523
95.23809523809523
95.23809523809523
95.23809523809523
90.47619047619048
95.23809523809523
95.23809523809523
95.23809523809523
92.35209235209236
95.23809523809523
95.23809523809523
95.23809523809523
95.23809523809523
95.23809523809523
95.23809523809523
95.23809523809523
95.23809523809523
95.23809523809523
95.23809523809523
95.23809523809523
95.23809523809523
95.23809523809523
95.23809523809523
95.23809523809523
95.23809523809523
95.23809523809523
95.23809523809523
95.23809523809523
95.23809523809523
95.23809523809523
95.23809523809523
