69.82800982800983
90.57493857493857
69.28746928746928
73.12039312039312
85.43540669856458
86.48648648648648
83.60360360360359
69.66966966966966
83.60360360360359
69.50535441101479
84.44671086180522
84.44671086180522
86.07068607068607
86.07068607068607
86.07068607068607
67.82744282744282
65.48856548856548
86.07068607068607
86.07068607068607
86.07068607068607
88.46153846153847
84.92307692307692
93.66515837104072
75.4524886877828
83.61990950226243
83.61990950226243
83.61990950226243
83.61990950226243
83.61990950226243
85.25951557093427
85.25951557093427
85.25951557093427
85.25951557093427
85.25951557093427
82.8235294117647
82.8235294117647
86.96470588235293
86.96470588235293
86.96470588235293
86.96470588235293
85.52727272727273
85.52727272727273
85.52727272727273
88.2
88.2
88.2
85.05
85.05
85.8
75.89999999999999
65.10862409479921
76.47136273864385
58.06451612903226
53.785385121790654
49.596774193548384
53.62903225806451
47.17741935483871
52.352150537634415
45.710363761153054
55.85106382978723
48.1811942347289
49.416609471516814
49.787234042553195
44.60992907801418
58.156028368794324
52.17391304347826
55.072463768115945
62.39130434782608
56.52173913043478
52.074074074074076
54.888888888888886
51.03448275862069
59.820089955022496
48.26086956521739
56.97151424287856
52.97138664710198
70.43286867204695
69.18325326012355
67.74193548387098
71.2258064516129
59.55334987593052
54.64895635673624
66.79316888045541
66.3594470046083
63.041474654377865
72.04739960500328
68.25543120473995
62.567478604344956
44.23963133640553
55.61553653719552
43.449637919684
47.004608294930875
62.567478604344956
62.567478604344956
49.76958525345622
43.77880184331797
42.65964450296247
45.02962475312706
52.1395655036208
54.50954575378538
68.25543120473995
68.25543120473995
69.79591836734693
67.95918367346938
69.79591836734693
79.59183673469387
79.59183673469387
82.15931533903886
82.15931533903886
82.15931533903886
83.87096774193547
81.25000000000001
81.25000000000001
81.25000000000001
83.57142857142857
83.57142857142857
81.03896103896103
78.65546218487394
76.78271308523409
78.65546218487394
74.28571428571428
72.8
82.13333333333333
78.09729729729729
78.09729729729729
79.91351351351351
78.09729729729729
76.56597774244834
76.56597774244834
76.83991683991684
77.48427672955975
75.3901070882203
75.3901070882203
75.3901070882203
82.88288288288288
82.88288288288288
81.37592137592138
65.55282555282555
63.29238329238329
84.9140049140049
84.9140049140049
83.3976833976834
66.46464646464646
65.45454545454545
87.27272727272728
87.27272727272728
87.27272727272728
85.71428571428571
85.71428571428571
95.23809523809524
78.28282828282829
72.72727272727273
69.6969696969697
76.14035087719299
93.0
67.14285714285714
80.0
94.89795918367348
83.09941520467837
82.10526315789473
76.0233918128655
91.22807017543859
94.26900584795321
86.15984405458089
74.90253411306043
88.42105263157893
92.08494208494209
73.90913180386865
82.5910931174089
81.06162843004948
73.90913180386865
88.80636604774536
71.52496626180836
85.94164456233422
91.67108753315648
80.8529945553539
91.67108753315648
85.94164456233422
81.16710875331566
88.80636604774536
70.29177718832891
69.23076923076923
68.0813439434129
77.80725022104332
70.51282051282051
77.24137931034483
78.77984084880636
71.7948717948718
66.84350132625994
80.21220159151193
74.27055702917772
61.8921308576481
51.856763925729446
46.86118479221928
46.86118479221928
39.832007073386386
27.586206896551722
65.60565870910699
63.26259946949602
58.57648099027409
56.233421750663126
60.87533156498674
65.49707602339181
67.94871794871796
63.1578947368421
55.06072874493927
65.58704453441295
61.85335132703553
65.49707602339181
61.85335132703553
58.2995951417004
57.21997300944669
63.1578947368421
60.72874493927125
65.97744360902256
68.42105263157895
65.97744360902256
77.5375939849624
67.10526315789474
69.73684210526315
67.24624060150376
61.09022556390977
68.42105263157895
62.46246246246246
60.06006006006006
63.813813813813816
63.813813813813816
56.406406406406404
52.95295295295295
58.80880880880881
62.46246246246246
58.80880880880881
62.46246246246246
55.25525525525525
58.80880880880881
52.85285285285285
51.80180180180181
51.40234574196838
52.32432432432432
55.89189189189189
57.18918918918919
55.89189189189189
58.432432432432435
55.89189189189189
60.97297297297297
53.51351351351351
54.7027027027027
51.08108108108108
60.97297297297297
74.5945945945946
61.111111111111114
61.33333333333333
61.111111111111114
54.745370370370374
61.111111111111114
73.47222222222221
61.111111111111114
59.72222222222222
46.2962962962963
57.23379629629629
55.90277777777778
66.20370370370371
58.35866261398176
60.075093867334175
60.075093867334175
60.075093867334175
52.569169960474305
57.971014492753625
59.42028985507246
73.04347826086958
76.36363636363636
56.56565656565656
71.1111111111111
71.1111111111111
71.1111111111111
77.57575757575758
84.04040404040404
64.64646464646465
71.1111111111111
54.166666666666664
54.166666666666664
66.5
58.05555555555556
49.715909090909086
48.57954545454545
59.375
56.67613636363637
59.375
59.375
59.375
57.8125
57.8125
56.25
57.8125
61.845930232558146
56.46802325581395
55.654761904761905
59.67741935483871
54.19354838709678
56.774193548387096
63.87096774193548
58.54838709677419
59.354838709677416
58.229942100909845
53.84615384615385
57.32009925558312
65.38461538461539
60.71428571428571
55.98214285714286
54.64285714285714
55.98214285714286
57.67857142857142
56.25
56.25
54.64285714285714
58.502024291497975
56.25
69.21428571428571
72.85714285714285
78.46153846153847
78.46153846153847
86.3076923076923
82.38461538461539
86.3076923076923
82.38461538461539
74.53846153846153
68.65384615384616
74.53846153846153
86.3076923076923
86.3076923076923
90.8502024291498
90.8502024291498
66.78571428571428
83.38285714285713
66.78571428571428
73.82857142857144
60.34285714285714
60.952380952380956
66.78571428571428
62.857142857142854
64.76190476190476
68.75
64.70588235294117
62.745098039215684
56.98529411764706
72.79411764705883
75.0
72.79411764705883
62.745098039215684
55.14705882352941
64.58333333333334
54.92424242424242
53.03030303030303
53.03030303030303
54.92424242424242
56.81818181818182
54.92424242424242
54.92424242424242
56.81818181818182
58.71212121212122
58.71212121212122
53.03030303030303
65.9090909090909
51.515151515151516
58.080808080808076
45.45454545454545
36.36363636363637
37.94466403162055
47.95783926218709
43.47826086956522
27.66798418972332
0
0
