63.78066378066378
70.66115702479338
79.88980716253444
89.83957219251336
89.83957219251336
89.83957219251336
89.83957219251336
89.83957219251336
89.83957219251336
89.83957219251336
89.83957219251336
89.83957219251336
89.83957219251336
89.83957219251336
89.83957219251336
89.83957219251336
89.83957219251336
89.83957219251336
89.83957219251336
89.83957219251336
89.83957219251336
89.83957219251336
89.83957219251336
89.83957219251336
89.83957219251336
89.83957219251336
89.83957219251336
89.83957219251336
89.83957219251336
89.83957219251336
72.19251336898395
57.75401069518716
41.711229946524064
19.6524064171123
0.9358288770053476
0.0
0
0
0
0
89.83957219251336
89.83957219251336
89.83957219251336
89.83957219251336
89.83957219251336
89.83957219251336
89.83957219251336
89.83957219251336
89.83957219251336
89.83957219251336
89.83957219251336
89.83957219251336
89.83957219251336
91.44385026737967
76.20320855614973
89.44099378881988
89.44099378881988
89.44099378881988
89.44099378881988
89.44099378881988
89.44099378881988
89.44099378881988
89.44099378881988
89.44099378881988
89.44099378881988
89.44099378881988
89.44099378881988
89.44099378881988
89.44099378881988
89.44099378881988
89.44099378881988
89.44099378881988
89.44099378881988
89.44099378881988
89.44099378881988
89.44099378881988
89.44099378881988
89.44099378881988
89.44099378881988
89.44099378881988
68.84057971014492
65.21739130434783
65.21739130434783
67.08074534161491
67.08074534161491
67.08074534161491
67.08074534161491
67.08074534161491
89.44099378881988
74.53416149068323
86.95652173913044
68.84057971014492
68.84057971014492
65.21739130434783
61.59420289855072
61.59420289855072
57.971014492753625
54.347826086956516
54.347826086956516
47.10144927536232
47.10144927536232
43.47826086956522
54.054054054054056
50.67567567567568
54.054054054054056
50.67567567567568
43.91891891891892
40.54054054054054
37.16216216216216
30.405405405405407
27.027027027027028
20.27027027027027
19.736842105263158
38.59649122807017
35.08771929824561
38.59649122807017
38.59649122807017
38.59649122807017
38.59649122807017
42.10526315789473
42.10526315789473
49.122807017543856
49.122807017543856
60.416666666666664
60.416666666666664
62.5
64.0
64.0
64.0
64.0
64.0
55.794871794871796
49.23076923076923
46.15384615384615
49.23076923076923
58.46153846153847
86.3076923076923
86.3076923076923
86.3076923076923
86.3076923076923
86.3076923076923
86.3076923076923
64.61538461538461
65.64102564102564
86.64615384615384
68.92307692307692
86.64615384615384
86.64615384615384
86.64615384615384
86.64615384615384
86.64615384615384
86.64615384615384
86.64615384615384
86.64615384615384
86.64615384615384
78.46153846153847
74.53846153846153
74.53846153846153
86.3076923076923
86.3076923076923
86.3076923076923
86.3076923076923
86.3076923076923
86.3076923076923
86.3076923076923
82.38461538461539
86.3076923076923
82.38461538461539
78.46153846153847
74.53846153846153
74.53846153846153
74.53846153846153
70.61538461538461
78.46153846153847
82.38461538461539
86.3076923076923
86.3076923076923
86.3076923076923
86.3076923076923
86.3076923076923
86.3076923076923
86.3076923076923
86.3076923076923
86.3076923076923
86.3076923076923
86.3076923076923
86.3076923076923
86.3076923076923
86.3076923076923
86.3076923076923
86.3076923076923
86.3076923076923
86.3076923076923
86.3076923076923
86.3076923076923
81.0840108401084
81.0840108401084
81.0840108401084
81.0840108401084
81.0840108401084
81.0840108401084
81.0840108401084
81.0840108401084
81.0840108401084
81.0840108401084
81.0840108401084
81.0840108401084
81.0840108401084
81.0840108401084
81.0840108401084
81.0840108401084
81.0840108401084
81.0840108401084
81.0840108401084
81.0840108401084
77.39837398373983
86.34920634920634
86.34920634920634
86.34920634920634
86.34920634920634
86.34920634920634
68.95943562610229
65.96119929453262
38.62126245847176
42.524916943521596
57.06168831168831
52.41379310344828
43.67816091954023
26.20689655172414
11.647509578544062
2.9118773946360155
0
0
0
62.7906976744186
86.11295681063122
84.15584415584415
76.87356321839081
80.36781609195403
90.85057471264366
92.53246753246752
92.53246753246752
92.53246753246752
80.1948051948052
80.1948051948052
80.1948051948052
80.1948051948052
84.15584415584415
63.44827586206897
90.85057471264366
90.85057471264366
90.85057471264366
90.85057471264366
72.79693486590038
90.85057471264366
85.91304347826087
85.91304347826087
85.91304347826087
85.91304347826087
88.51063829787232
88.51063829787232
88.51063829787232
88.51063829787232
83.87096774193547
83.87096774193547
85.71428571428571
85.71428571428571
85.71428571428571
85.71428571428571
85.71428571428571
85.71428571428571
85.71428571428571
85.71428571428571
88.2
88.2
88.2
88.2
88.2
83.85026737967914
83.85026737967914
83.85026737967914
83.85026737967914
83.85026737967914
79.81900452488686
89.59276018099548
89.59276018099548
89.59276018099548
89.59276018099548
83.8095238095238
83.8095238095238
83.8095238095238
83.8095238095238
86.02597402597402
86.02597402597402
86.02597402597402
86.02597402597402
86.02597402597402
87.6190476190476
87.6190476190476
87.6190476190476
87.6190476190476
87.3968705547653
87.3968705547653
87.3968705547653
87.3968705547653
87.3968705547653
87.3968705547653
83.62976406533575
87.11433756805808
87.11433756805808
87.11433756805808
87.11433756805808
82.05128205128204
87.17948717948717
87.17948717948717
87.17948717948717
83.60655737704917
86.95081967213115
86.95081967213115
86.95081967213115
86.95081967213115
86.95081967213115
86.95081967213115
86.96864111498257
86.96864111498257
86.96864111498257
88.90243902439023
88.90243902439023
88.90243902439023
88.90243902439023
88.90243902439023
88.90243902439023
88.90243902439023
88.90243902439023
88.90243902439023
88.90243902439023
88.90243902439023
88.90243902439023
88.90243902439023
88.90243902439023
88.90243902439023
88.90243902439023
90.31358885017421
90.31358885017421
86.96864111498257
86.96864111498257
86.96864111498257
86.96864111498257
86.96864111498257
86.96864111498257
86.96864111498257
86.96864111498257
86.96864111498257
88.90243902439023
88.90243902439023
88.90243902439023
88.90243902439023
88.90243902439023
88.90243902439023
88.90243902439023
86.43292682926828
86.43292682926828
88.90243902439023
85.45054945054945
80.08474576271186
93.35593220338981
93.35593220338981
80.08474576271186
80.08474576271186
81.5677966101695
80.08474576271186
83.05084745762711
78.60169491525424
74.91525423728814
69.91525423728814
71.31355932203391
66.44067796610169
72.71186440677965
70.50847457627118
80.08474576271186
74.91525423728814
79.95689655172413
79.95689655172413
83.79310344827586
82.00707338638374
84.3501326259947
73.65163572060123
75.15473032714411
93.79310344827586
71.97480881691408
91.76788124156546
69.43674976915975
88.6426592797784
72.83834586466166
75.18796992481202
86.61654135338344
70.67669172932331
70.67669172932331
72.18045112781954
88.95752895752895
