365,204,34,54
368,206,34,54
367,204,34,54
368,205,34,54
366,203,34,54
369,206,34,54
371,207,34,54
369,205,34,54
367,206,34,54
366,204,34,54
367,206,34,54
371,208,34,54
373,210,34,54
366,208,34,54
369,209,34,54
367,209,34,54
367,210,34,54
372,212,34,54
374,214,34,54
374,215,34,54
375,216,34,54
374,214,34,54
375,215,34,54
374,213,34,54
376,215,34,54
376,214,34,54
377,213,34,54
376,212,34,54
377,212,34,54
376,209,34,54
375,207,34,54
378,209,34,54
376,207,34,54
375,206,34,54
374,205,34,54
373,203,34,54
372,204,34,54
371,202,34,54
368,199,34,54
367,197,34,54
366,196,34,54
342,188,34,54
335,182,34,54
332,179,34,54
333,177,34,54
335,180,34,54
338,183,34,54
340,183,34,54
341,183,34,54
342,182,34,54
343,182,34,54
341,179,34,54
340,177,34,54
343,179,34,54
341,178,34,54
340,177,34,54
339,176,34,54
340,178,34,54
343,180,34,54
342,179,34,54
342,179,34,54
345,182,34,54
343,180,34,54
346,183,34,54
342,180,34,54
341,178,34,54
345,181,34,54
341,179,34,54
345,181,34,54
347,184,34,54
344,181,34,54
342,179,34,54
344,181,34,54
346,183,34,54
347,183,34,54
346,184,34,54
347,183,34,54
341,180,34,54
344,182,34,54
346,184,34,54
344,182,34,54
346,184,34,54
347,183,34,54
346,184,34,54
346,183,34,54
344,181,34,54
341,179,34,54
343,179,34,54
345,182,34,54
341,179,34,54
343,181,34,54
342,180,34,54
342,179,34,54
345,181,34,54
345,179,34,54
344,181,34,54
341,179,34,54
339,177,34,54
337,176,34,54
338,177,34,54
337,176,34,54
339,179,34,54
345,181,34,54
344,179,34,54
342,178,34,54
341,178,34,54
338,176,34,54
345,180,34,54
346,182,34,54
344,181,34,54
340,179,34,54
342,179,34,54
344,181,34,54
343,180,34,54
344,181,34,54
346,183,34,54
344,181,34,54
346,180,34,54
343,178,34,54
341,178,34,54
339,176,34,54
345,181,34,54
341,179,34,54
345,181,34,54
345,180,34,54
340,178,34,54
342,179,34,54
341,178,34,54
342,179,34,54
341,178,34,54
343,180,34,54
341,179,34,54
339,177,34,54
341,179,34,54
343,180,34,54
345,180,34,54
343,181,34,54
345,183,34,54
346,182,34,54
344,181,34,54
345,179,34,54
343,178,34,54
341,177,34,54
344,180,34,54
342,179,34,54
340,177,34,54
338,176,34,54
336,176,34,54
342,179,34,54
340,177,34,54
342,179,34,54
345,182,34,54
342,180,34,54
340,179,34,54
343,181,34,54
345,183,34,54
343,181,34,54
341,179,34,54
339,178,34,54
341,179,34,54
343,180,34,54
341,179,34,54
339,178,34,54
337,176,34,54
339,179,34,54
337,177,34,54
344,180,34,54
339,178,34,54
341,179,34,54
342,181,34,54
340,179,34,54
344,182,34,54
342,180,34,54
344,182,34,54
346,184,34,54
343,182,34,54
340,179,34,54
341,178,34,54
344,181,34,54
338,179,34,54
336,177,34,54
338,179,34,54
335,177,34,54
343,181,34,54
345,183,34,54
342,181,34,54
344,179,34,54
345,181,34,54
338,179,34,54
340,178,34,54
344,181,34,54
344,179,34,54
345,182,34,54
342,180,34,54
339,178,34,54
342,181,34,54
338,178,34,54
344,181,34,54
341,179,34,54
338,177,34,54
342,179,34,54
339,176,34,54
341,177,34,54
343,179,34,54
341,177,34,54
344,180,34,54
342,177,34,54
339,177,34,54
345,180,34,54
343,179,34,54
340,178,34,54
337,175,34,54
343,178,34,54
345,180,34,54
346,182,34,54
345,183,34,54
345,182,34,54
343,179,34,54
340,175,34,54
338,173,34,54
344,180,34,54
337,174,34,54
340,177,34,54
343,179,34,54
339,175,34,54
343,179,34,54
340,173,34,54
341,176,34,54
342,177,34,54
344,180,34,54
345,181,34,54
339,173,34,54
344,179,34,54
342,176,34,54
344,179,34,54
345,180,34,54
346,180,34,54
343,177,34,54
340,174,34,54
338,176,34,54
342,177,34,54
344,179,34,54
342,176,34,54
344,177,34,54
344,176,34,54
341,174,34,54
343,176,34,54
345,179,34,54
343,177,34,54
345,178,34,54
343,179,34,54
342,177,34,54
344,180,34,54
340,177,34,54
338,178,34,54
341,177,34,54
338,178,34,54
344,181,34,54
345,183,34,54
343,181,34,54
341,178,34,54
343,180,34,54
341,178,34,54
343,179,34,54
344,181,34,54
346,182,34,54
343,185,34,54
341,178,34,54
344,181,34,54
342,177,34,54
344,181,34,54
344,179,34,54
345,180,34,54
343,181,34,54
345,183,34,54
343,180,34,54
342,177,34,54
344,180,34,54
342,178,34,54
345,181,34,54
341,178,34,54
342,178,34,54
344,180,34,54
342,178,34,54
341,178,34,54
339,176,34,54
345,182,34,54
343,180,34,54
341,179,34,54
343,181,34,54
345,180,34,54
346,182,34,54
345,184,34,54
343,181,34,54
345,183,34,54
346,184,34,54
340,178,34,54
338,176,34,54
336,177,34,54
344,181,34,54
342,179,34,54
345,182,34,54
344,180,34,54
346,182,34,54
346,184,34,54
341,180,34,54
342,178,34,54
345,181,34,54
343,179,34,54
341,178,34,54
339,176,34,54
341,178,34,54
344,179,34,54
342,178,34,54
345,180,34,54
347,182,34,54
342,179,34,54
341,177,34,54
344,178,34,54
342,177,34,54
345,179,34,54
342,177,34,54
345,180,34,54
347,181,34,54
370,173,34,54
383,165,34,54
381,163,34,54
385,164,34,54
380,165,34,54
381,163,34,54
382,164,34,54
381,164,34,54
387,165,34,54
388,166,34,54
384,164,34,54
383,164,34,54
389,166,34,54
384,164,34,54
388,165,34,54
389,166,34,54
389,167,34,54
386,165,34,54
377,165,34,54
386,166,34,54
387,167,34,54
386,166,34,54
385,167,34,54
376,164,34,54
374,165,34,54
381,165,34,54
383,164,34,54
386,164,34,54
379,163,34,54
376,163,34,54
382,163,34,54
385,161,34,54
383,161,34,54
378,163,34,54
385,160,34,54
386,158,34,54
379,162,34,54
381,163,34,54
382,164,34,54
384,162,34,54
386,159,34,54
379,161,34,54
385,165,34,54
383,167,34,54
384,168,34,54
377,162,34,54
375,161,34,54
376,160,34,54
375,161,34,54
