0.0
1.0
0.0
1.0
0.0
1.0
0.0
1.0
0.0
1.0
0.0
1.4142135623730951
1.0
1.0
1.4142135623730951
1.0
4.123105625617661
3.0
4.47213595499958
1.4142135623730951
1.0
5.0
5.656854249492381
2.23606797749979
0.0
1.0
1.0
1.0
1.0
3.1622776601683795
8.94427190999916
10.0
25.0
27.65863337187866
30.610455730027933
59.464274989274024
65.14598989960932
65.14598989960932
69.6419413859206
67.35725647619564
68.96375859826666
73.68174807915459
70.8801805866774
70.60453243241541
72.53275122315436
73.76313442364011
74.72616676907762
73.08214556237385
70.8801805866774
68.15423684555495
71.84010022264724
72.53275122315436
70.60453243241541
72.27724399837061
71.06335201775948
67.91170738539859
68.24954212300622
66.09841147864296
67.7421582177598
65.62011886609167
65.37583651472461
64.28063471995279
65.19202405202648
65.12296062065974
64.07027391856539
64.00781202322104
63.00793600809346
65.00769185258002
64.07027391856539
66.03029607687671
69.06518659932803
66.18912297349165
65.62011886609167
65.76473218982953
64.93843238021688
67.7421582177598
66.49060083951716
66.49060083951716
66.70832032063167
65.73431371817918
68.15423684555495
67.446274915669
66.40783086353596
71.56814934033156
73.00684899377592
72.12489168102785
72.53275122315436
52.3450093132096
52.15361924162119
51.24451190127583
51.478150704935004
51.478150704935004
51.62363799656123
51.78802950489621
50.80354318352215
52.952809179494906
52.172789842982326
53.150729063673246
53.36665625650534
53.36665625650534
52.630789467763066
53.85164807134504
50.695167422546305
50.695167422546305
54.817880294662984
54.70831746635972
55.08175741568164
54.817880294662984
51.54609587543949
52.81098370604357
50.92150822589606
53.48831648126533
48.84669896727925
50.695167422546305
51.07837115648854
50.15974481593781
49.24428900898052
51.07837115648854
49.76946855251722
50.695167422546305
50.695167422546305
51.86520991955976
50.92150822589606
51.54609587543949
51.86520991955976
51.86520991955976
47.16990566028302
48.104053883222775
49.040799340956916
49.9799959983992
49.9799959983992
49.39635614091387
51.07837115648854
53.31041174104736
54.230987451824994
54.62600113499065
50.566787519082126
52.92447448959697
50.566787519082126
54.230987451824994
53.71219600798314
49.24428900898052
53.31041174104736
49.76946855251722
53.48831648126533
50.695167422546305
53.48831648126533
55.71355310873648
57.0087712549569
55.54277630799526
56.859475903318
57.271284253105414
58.60034129593445
58.59180830116101
56.43580423808985
56.938563381947034
60.03332407921454
60.53924347066124
64.40496875241847
63.41135544995076
67.47592163134935
69.52697318307479
68.59300255857006
71.50524456289902
72.12489168102785
72.18032973047436
75.7429864739964
74.51845409024533
76.57675887630658
78.74642849044012
78.87331614684399
80.2807573457052
83.86894538504703
87.00574693662483
90.13878188659973
96.56603957913983
68.76772498781678
75.6042326857432
79.20227269466452
79.40403012442127
80.2122185206219
78.81624198095213
76.60939890117922
77.42092740338364
78.00640999302557
75.6042326857432
77.6659513557904
76.8505042273634
74.88658090739622
78.49203781276162
74.06078584514209
72.94518489934754
78.23042886243178
109.77249200050075
114.73883387938018
115.6027681329474
114.5294721894762
112.76967677527502
118.1185844818672
118.9663818059539
121.74152947946727
119.6202324023825
120.15406776301833
119.77478866606278
122.19656296312102
123.97580409095961
126.49110640673517
129.65338406690356
130.60245020672468
133.52153384379613
135.1628647225265
135.72398461583714
141.20906486483082
142.63590010933433
144.3675863897433
145.49914089093448
153.05227865013967
152.88230767489088
154.80633061990713
157.69590990257166
156.20819440733575
163.74675569305182
167.86899654194636
171.73234989366446
171.23083834403195
175.6160584912439
178.7568180517879
185.06755523321746
189.90787240133042
194.28329830430613
195.78048932414077
199.15069670980316
200.66140635408692
203.5018427434995
203.9607805437114
207.50421682462263
211.4190152280537
213.7755832643195
216.91011963483862
220.47675614449702
222.00900882621858
223.78784596130328
225.75429121059915
225.93804460515275
228.08989455914087
230.67292862405853
231.8361490363399
233.37951923851415
241.42286552851616
241.2343259156955
244.63237725207185
249.28096598015662
250.26386075500395
254.65663156493687
256.62813563598206
262.0686932847951
262.0686932847951
262.3833073958784
266.00751869073173
268.4660127464927
272.7379694871985
276.06158733152284
279.48524111301475
279.1773629791642
282.29417280560364
286.09963299522076
285.40847920130193
286.27259736132623
285.9545418418809
286.6653100743095
283.69349657685143
286.8030683238936
287.08883642524313
288.6468430452687
287.65604460883486
287.65604460883486
286.40006983239374
286.6653100743095
288.51343122981297
287.020905161976
287.39171873942365
287.39171873942365
283.2966642938106
284.2885857715712
285.40847920130193
283.1713262320181
284.5487655921213
286.90416518412553
287.7846417027844
287.020905161976
288.1336495447902
289.3751889848195
290.8779812911249
292.97952146865146
293.09725348423177
290.766229125736
292.86515668477875
292.54230463302224
293.7481914837945
295.7363690857112
293.53705047233814
297.41721537261424
296.73051747334654
297.83384629689084
297.83384629689084
294.7422602885443
292.7541630788536
293.33939387678566
289.5582842883277
292.6465444866896
289.66359798911566
291.8715470887836
293.53705047233814
290.55292116927683
289.8844597421531
289.2490276561012
289.8844597421531
286.02797066021355
281.82263926093657
277.2183255125822
274.9872724327437
272.2590678012396
269.2842364491468
265.9323222175146
266.18038996139444
260.1019031072245
261.0938528575501
260.23066690918654
257.0
255.01568579207046
251.04780421266383
245.8373446000424
245.0979396078229
240.87548650703334
240.01041644062033
239.1505801790997
233.68354670365648
228.84492565927695
228.72035327010144
227.9824554653274
223.75879870968203
220.7826985975124
213.2650932525058
211.43556938225885
208.62646045025065
206.81392603013947
200.89798406156294
200.26232796010336
195.80091930325557
191.23022773609824
187.11493793922494
184.74306482247175
183.41483037093812
179.07819521091898
176.81911661356077
174.14074767268
168.0773631397161
166.6433316997713
162.3607095328177
148.36778626103444
148.95972610071487
148.32734070291963
145.16542288024377
143.27944723511465
137.64083696345355
134.8332303254654
131.30879635424276
128.15615474880636
125.29964086141668
114.03946685248927
108.30050784737807
108.67382389517726
108.78419002777932
111.30588483993108
111.51681487560519
99.29753269845128
103.81233067415451
100.60318086422517
99.80981915623332
98.71676655968832
100.65783625729296
100.4987562112089
98.29038610159185
97.67292357659824
99.72462083156798
99.08582138732059
96.93812459502195
96.26006440887103
95.4829827770373
93.33809511662427
89.87213138676528
91.28526715741155
89.8276126811795
82.80700453464067
83.43860018001261
79.19595949289332
84.1486779456457
84.86459803710851
75.92759709091287
79.90619500389191
