7.211102550927978
2.0
6.4031242374328485
5.0
5.830951894845301
3.1622776601683795
5.0
6.4031242374328485
8.94427190999916
9.433981132056603
8.94427190999916
4.242640687119285
4.242640687119285
8.246211251235321
8.06225774829855
10.295630140987
10.295630140987
5.656854249492381
2.23606797749979
3.1622776601683795
4.47213595499958
5.385164807134504
2.23606797749979
5.0
2.23606797749979
2.23606797749979
1.4142135623730951
2.23606797749979
3.1622776601683795
1.4142135623730951
2.23606797749979
4.47213595499958
2.8284271247461903
3.605551275463989
1.0
1.4142135623730951
2.8284271247461903
2.23606797749979
4.47213595499958
5.830951894845301
7.211102550927978
31.953090617340916
40.718546143004666
46.51881339845203
46.06517122512408
43.382023926967726
39.92492955535426
40.718546143004666
37.69615364994153
40.718546143004666
41.593268686170845
42.95346318982906
48.30113870293329
45.69463863518345
51.07837115648854
51.264022471905186
55.154328932550705
54.70831746635972
54.70831746635972
55.08175741568164
58.82176467941097
56.753854494650845
61.1310068623117
59.665735560705194
64.76109943476871
70.3420215802759
65.96969000988257
69.42621983083913
71.386273190299
72.00694410957877
77.27871634544663
82.0
79.83107164506812
83.3606621854697
85.5102333057278
90.09439494219383
90.93404203047393
99.29753269845128
98.00510190801293
96.87620966986684
101.11874208078342
102.59142264341595
103.81714694596457
107.56393447619885
111.75866856758807
115.97413504743201
120.3536455617361
123.32072007574396
126.01983970788092
137.32079230764728
138.1774221788784
144.3918280236108
149.9333185119305
149.77650015940418
153.05554547287727
155.7080601638849
161.11176245079065
167.5291019494822
173.61163555476344
175.41379649275024
179.52437160452615
179.20100446147057
172.6759971738979
175.93180496999398
179.20100446147057
182.01373574541017
187.41664813991312
181.86808406094787
182.7183625145541
184.43969204051496
192.35384061671346
190.91883092036784
190.77997798511248
191.9088325221119
191.5097908724251
190.91883092036784
196.01020381602586
197.9898987322333
202.09156340629363
206.0509645694482
208.31946620515328
204.41379601191306
210.61101585624624
207.17142660125697
208.38665984174708
215.5736533067063
213.243991709028
215.45533179756774
216.44860821913363
217.55918734909818
217.8072542409917
220.5379785887229
223.16361710637332
220.6581065811995
219.66565503054863
218.79899451322896
220.6581065811995
214.34784813475503
213.4689672996991
215.6965461012299
214.96511344867102
216.0925727552893
215.10230124292022
211.00236965494014
213.12203077110541
213.7217817631137
214.21951358361358
216.0208323287363
207.9663434308542
208.4922060893404
202.05444810743464
195.47378340841516
194.32961688841976
192.5123372669918
189.08463713374496
176.63804799646084
179.0474797365213
176.08236708995025
176.92088627406318
170.8391055935379
163.76812876747417
157.00318468107582
152.41062955056645
149.05032707109368
143.56183336806478
140.61649974309557
128.2653499585917
131.70041761513136
123.9395013706284
119.10079764636339
119.81652640600127
110.11357772772621
111.40017953306898
105.77334257741882
99.04039579888602
99.62429422585637
101.84301645179212
96.00520819205592
91.54780172128658
94.54099639838793
93.03762679690406
89.0
89.89438247187641
75.29276193632427
72.20110802473879
73.57309290766564
66.2872536767062
61.84658438426491
65.43699259593154
59.54829972383762
50.99019513592785
49.040799340956916
46.400431032480725
48.010415536631214
48.54894437575342
43.41658669218482
46.95742752749558
39.20459156782532
41.012193308819754
43.0
41.43669871020132
44.91102314577124
45.221676218380054
43.829214001622255
47.01063709417264
45.65084884205331
48.877397639399746
47.01063709417264
47.80167361086848
47.20169488482379
48.02082881417188
48.30113870293329
49.4064773081425
48.16637831516918
51.62363799656123
50.99019513592785
51.088159097779204
50.93132631298737
53.2634959423431
52.009614495783374
49.678969393496885
50.60632371551998
48.79549159502341
50.24937810560445
49.57822102496216
48.91829923454004
50.24937810560445
50.24937810560445
50.93132631298737
50.24937810560445
50.99019513592785
53.600373133029585
52.32590180780452
53.2634959423431
53.075418038862395
52.3450093132096
54.56189146281496
52.630789467763066
55.226805085936306
50.60632371551998
51.86520991955976
51.40038910358559
51.86520991955976
52.43090691567332
52.43090691567332
54.589376255824725
53.85164807134504
52.43090691567332
53.0
52.69724850502159
52.839379254491625
53.23532661682466
52.478567053607705
53.71219600798314
50.15974481593781
50.99019513592785
49.39635614091387
49.24428900898052
47.853944456021594
47.01063709417264
48.104053883222775
47.01063709417264
49.33558553417604
49.39635614091387
45.69463863518345
44.721359549995796
39.56008088970496
44.14748010928823
39.84971769034255
41.97618372363071
37.36308338453881
39.6232255123179
37.48332962798263
35.05709628591621
32.0624390837628
37.013511046643494
37.12142238654117
36.345563690772494
38.3275357934736
37.64306044943742
41.6293165929973
41.6293165929973
38.91015291668744
46.14108798023731
46.87216658103186
50.21951811795888
43.01162633521314
46.400431032480725
49.040799340956916
49.678969393496885
50.44799302251776
48.91829923454004
48.79549159502341
53.03772242470448
49.49747468305833
49.51767361255979
60.108235708594876
60.8276253029822
64.38167441127949
56.568542494923804
59.39696961966999
56.586217403180434
59.39696961966999
57.28001396647874
57.3149195236284
63.702433234531945
64.35060217278468
62.93647591023825
67.17886572427373
70.09279563550022
73.59347797189639
70.83784299369935
68.01470429252781
70.9365914038728
67.47592163134935
64.66065264130884
70.60453243241541
74.2024258363566
71.40028011149536
73.81734213584231
71.02816342831905
73.23933369440222
71.28113354878694
67.11929677819934
57.0087712549569
60.41522986797286
62.24146527838174
60.92618484691127
61.29437168288782
62.609903369994115
60.37383539249432
60.8276253029822
59.93329625508679
55.46169849544819
61.29437168288782
59.53990258641679
56.79788728465171
60.90155991434045
55.90169943749474
53.665631459994955
51.884487084291386
54.589376255824725
59.405386961116584
53.23532661682466
51.884487084291386
53.665631459994955
53.23532661682466
59.90826320300064
60.21627686929839
58.180752831155424
55.94640292279746
54.78138369920935
57.245087125446844
59.0592922409336
55.154328932550705
54.70831746635972
55.02726596879042
54.62600113499065
53.85164807134504
56.089214649520635
55.97320787662612
56.04462507680822
54.12947441089743
60.530983801686226
62.12889826803627
59.21148537234985
55.14526271584895
53.08483775994799
52.23983154643591
58.008620049092706
59.0
60.63827174318213
59.43904440685432
