71.25307125307125
87.56756756756758
73.71007371007371
77.69041769041769
75.64593301435407
84.88488488488488
79.12912912912913
75.07507507507508
67.56756756756756
66.08873023967364
67.46557878633351
81.5910249872514
83.16008316008316
71.56964656964658
71.3097713097713
64.86486486486487
64.86486486486487
78.95010395010395
89.1891891891892
86.48648648648648
84.4551282051282
81.26373626373626
95.1923076923077
84.84162895927602
94.11764705882352
94.11764705882352
97.05882352941177
94.11764705882352
93.32579185520362
95.15570934256056
92.2722029988466
86.50519031141869
92.2722029988466
90.42675893886967
95.23809523809523
92.43697478991596
94.11764705882352
94.11764705882352
88.23529411764706
83.58823529411765
78.54545454545455
7.454545454545454
0
0
0
0
0
0
0
0
0
0
0
0
0
0
0
0
0
0
0
0
0
0
0
0
0
0
0
0
0
0
0
0
0
0
0
0
0
0
0
0
0
0
0
0
0
0
0
0
0
0
0
0
0
0
0
0
0
0
0
0
0
0
0
0
0
0
0
0
0
0
0
0
0
0
0
0
0
0
0
0
0
0
0
0
0
0
0
0
0
0
0
0
0
0
0
0
0
0
0
0
0
0
0
0
0
0
0
0
0
0
0
0
0
0
0
0
0
0
0
0
0
0
0
0
0
0
0
0
0
0
0
0
0
0
0
0
0
0
0
0
0
0
0
0
0
0
0
0
1.5915119363395225
3.978779840848806
6.71971706454465
6.012378426171529
6.631299734748011
11.936339522546419
9.283819628647215
24.049513704686117
22.546419098143236
19.54022988505747
19.893899204244033
14.323607427055704
11.875843454790823
12.024756852343058
9.176788124156547
9.446693657219974
6.432748538011696
8.187134502923977
5.353126405757984
6.117858749437697
6.927575348627981
7.557354925775979
4.723346828609987
3.418803418803419
0
0
0
0
1.3157894736842104
2.631578947368421
0
3.524436090225564
1.8796992481203008
0
1.7017017017017018
0
0.8508508508508509
0.8508508508508509
0.0
0
0
1.6516516516516515
0
0.6506506506506506
0
0
0
1.2238653748087711
1.6216216216216217
4.324324324324325
2.918918918918919
2.3783783783783785
2.918918918918919
2.4324324324324325
2.4324324324324325
1.9459459459459458
2.27027027027027
2.4324324324324325
2.6486486486486487
2.5945945945945943
3.0
2.7777777777777777
3.111111111111111
1.5046296296296295
4.340277777777778
3.761574074074074
4.918981481481482
5.092592592592593
6.481481481481481
7.4074074074074066
6.25
7.4074074074074066
3.4650455927051675
4.005006257822278
8.010012515644556
8.760951188986233
16.27140974967062
10.606060606060606
16.600790513833992
14.229249011857709
21.21212121212121
17.50841750841751
21.818181818181817
29.22558922558923
35.48821548821549
25.858585858585858
24.242424242424242
24.511784511784512
18.585858585858585
19.86111111111111
12.222222222222221
12.222222222222221
15.555555555555555
6.392045454545454
4.971590909090909
2.272727272727273
7.954545454545454
4.261363636363636
1.5625
0.78125
0.7102272727272727
0.8522727272727272
0
0
0
0
0
0
0
0
0
0
0
0
0
0
0
0
0
0
0
0
0
0
0
0
0
0
0
0
0
0
0
0
0
0
0
0
0
0
0
0
0
0
0
0
0
0
0
0
0
0
0
0
0
0
0
0
0
0
0
0
0
0
0
0
0
0
0
0
0
0
0
0
0
0
0
0
0
0
0
0
0
