366,204,34,53
368,205,33,51
369,206,33,51
367,204,33,51
368,205,33,51
366,203,33,51
370,205,32,50
372,207,32,50
370,205,32,50
371,207,32,50
373,209,31,49
374,210,31,49
372,208,31,49
372,210,31,49
373,211,31,49
371,210,31,49
374,213,31,48
375,215,31,48
374,215,31,48
375,216,31,48
374,214,31,48
375,215,31,48
374,213,31,48
375,214,31,48
374,212,31,48
377,213,30,47
377,212,30,47
378,211,30,47
377,210,30,47
376,208,30,47
376,206,30,47
374,205,30,47
373,204,30,47
375,206,29,46
374,204,29,46
373,203,29,46
372,202,29,46
371,201,29,46
370,199,29,46
371,200,29,46
369,199,29,46
369,196,30,47
368,197,30,47
368,196,30,47
369,197,30,47
368,196,30,47
369,197,30,47
369,196,30,47
371,197,30,47
370,196,30,47
372,197,29,46
373,196,29,46
373,195,29,46
374,194,29,46
375,193,29,46
376,191,29,46
378,190,29,46
381,191,29,45
383,190,29,45
385,189,29,45
388,192,28,44
390,191,28,44
392,191,28,44
396,192,28,43
398,191,28,43
400,192,28,43
401,190,28,43
402,190,28,43
404,190,28,43
406,189,28,43
410,192,27,42
413,192,27,42
415,192,27,42
417,193,27,42
424,194,26,41
426,193,26,41
429,194,26,41
431,193,26,41
434,193,26,41
437,192,26,41
434,191,27,42
437,191,27,42
443,192,26,41
445,194,26,41
450,196,26,40
455,198,25,40
464,196,25,39
470,197,24,38
475,205,24,37
480,207,24,38
485,208,24,38
490,209,24,38
493,208,24,38
497,209,24,38
501,209,24,38
505,210,24,38
508,211,24,38
511,211,24,38
513,212,24,38
515,210,25,39
517,211,25,39
519,211,25,39
521,211,25,39
523,212,25,39
525,212,25,39
526,211,25,40
528,211,26,41
526,208,26,41
528,207,26,41
529,209,26,41
528,207,27,42
530,208,27,42
532,208,27,42
534,209,27,42
536,210,27,42
536,207,28,43
539,208,28,43
542,209,28,43
545,210,28,43
544,208,28,44
547,208,28,44
550,209,28,44
549,205,29,45
552,206,29,45
554,207,29,45
557,208,29,45
555,206,29,46
558,207,29,46
560,208,29,46
561,209,29,46
560,205,30,47
561,206,30,47
563,207,30,47
565,208,30,47
565,209,30,47
562,207,31,48
561,207,31,48
562,208,31,48
562,209,31,48
560,207,32,49
559,208,32,49
559,208,32,49
560,210,32,49
559,210,32,49
559,212,32,49
555,211,32,51
553,212,32,51
552,214,32,51
550,216,32,51
544,214,33,52
543,216,33,52
541,217,33,52
537,216,33,52
531,213,34,53
528,214,34,53
525,213,34,53
520,213,34,53
512,210,34,54
508,209,34,54
500,206,35,55
493,206,35,55
489,206,35,55
485,205,35,55
481,206,35,55
474,204,36,56
469,205,36,56
466,206,36,56
463,207,36,56
460,208,36,56
457,210,36,56
450,210,36,56
443,208,37,58
440,210,37,58
437,211,37,58
434,212,37,58
432,213,37,58
430,214,37,58
428,215,37,58
425,216,37,58
421,217,37,58
417,217,37,58
413,218,37,58
409,219,37,58
402,216,38,59
399,218,38,59
391,216,39,60
386,217,39,60
378,218,39,60
374,217,39,60
371,216,39,60
367,216,39,60
360,213,39,62
356,214,39,62
350,215,39,62
348,216,39,60
343,215,39,60
332,214,39,62
329,215,39,62
327,216,39,62
324,216,39,62
320,216,39,62
317,215,39,62
315,216,39,62
312,215,39,62
309,216,39,62
306,215,39,62
304,217,39,62
306,218,39,60
304,216,39,60
302,217,39,60
302,215,39,60
300,215,39,60
302,216,38,59
301,214,38,59
299,214,38,59
298,212,38,59
296,212,38,59
294,210,38,59
296,212,37,58
295,210,37,58
297,211,36,57
295,208,36,57
296,210,35,55
296,208,35,55
295,207,35,55
297,209,35,54
296,208,35,54
295,208,35,54
298,210,34,53
298,209,34,53
298,210,34,53
297,211,34,53
298,211,34,53
297,213,34,53
298,212,34,53
297,214,34,53
298,214,34,53
296,215,34,53
298,215,34,53
298,215,34,53
298,214,34,53
299,216,33,52
301,216,33,52
303,218,32,51
304,217,32,51
303,218,32,51
304,217,32,51
303,218,32,51
306,220,32,50
307,222,31,49
308,221,31,49
307,222,31,49
309,223,30,47
310,222,30,47
309,223,30,47
311,221,30,47
313,223,30,46
315,222,30,46
316,223,29,45
317,222,29,45
316,221,29,45
317,220,29,45
317,219,29,45
318,218,29,45
317,217,29,45
319,216,29,45
318,214,29,45
321,217,28,44
323,215,28,44
326,218,28,44
328,216,28,44
329,215,28,44
331,216,27,43
333,215,27,43
336,217,27,42
339,216,27,42
341,215,27,42
342,215,27,42
346,216,26,41
348,215,26,41
351,214,26,41
353,213,26,41
355,212,26,41
357,212,26,41
359,212,26,41
360,212,26,41
362,214,25,40
364,214,25,40
365,214,25,40
368,215,25,39
370,214,25,39
371,214,25,39
372,215,25,39
373,214,25,39
374,214,25,39
374,214,25,39
375,214,25,39
375,213,25,39
376,214,25,39
376,214,25,39
376,214,25,39
379,216,24,38
381,217,24,38
383,218,24,37
384,219,24,37
384,219,24,37
385,219,24,37
385,220,24,37
385,221,24,37
386,221,24,37
387,220,24,37
388,220,24,37
388,220,24,37
389,220,24,37
389,220,24,37
390,219,24,37
392,221,23,37
394,220,23,37
396,220,23,37
397,219,23,37
398,219,23,37
399,219,23,37
400,218,23,37
401,219,23,37
401,218,23,37
402,219,23,37
403,217,23,37
406,220,23,36
407,221,23,36
407,220,23,36
407,219,23,36
408,219,23,36
407,218,23,36
407,218,23,36
407,217,23,36
407,216,23,36
407,215,23,36
406,215,23,36
407,214,23,36
409,215,22,35
409,215,22,35
409,214,22,35
408,213,22,35
407,214,22,35
406,213,22,35
406,213,22,35
404,212,22,35
403,212,22,35
402,212,22,35
403,214,22,34
401,213,22,34
399,212,22,34
398,212,22,34
397,211,22,34
396,212,22,34
395,211,22,34
394,210,22,34
393,211,22,34
392,212,21,33
391,212,21,33
388,214,21,33
387,215,21,33
387,216,20,32
389,215,20,31
391,216,20,31
391,214,20,31
391,213,20,31
393,212,20,31
394,209,20,31
394,207,20,31
392,205,20,31
392,205,20,32
390,206,21,33