6.4031242374328485
2.23606797749979
3.605551275463989
6.4031242374328485
3.1622776601683795
7.211102550927978
7.0710678118654755
2.8284271247461903
7.0710678118654755
3.605551275463989
2.23606797749979
1.0
6.4031242374328485
2.0
3.605551275463989
6.4031242374328485
2.8284271247461903
1.4142135623730951
2.0
2.0
6.4031242374328485
4.123105625617661
2.0
3.605551275463989
4.47213595499958
2.23606797749979
1.0
0.0
1.4142135623730951
1.0
2.23606797749979
2.0
1.4142135623730951
3.605551275463989
0.0
1.4142135623730951
2.0
2.0
2.8284271247461903
1.0
3.1622776601683795
4.242640687119285
4.47213595499958
6.708203932499369
5.0990195135927845
6.708203932499369
6.082762530298219
8.94427190999916
5.0
9.486832980505138
8.94427190999916
7.0710678118654755
10.770329614269007
11.40175425099138
13.92838827718412
12.649110640673518
13.892443989449804
11.704699910719626
13.892443989449804
11.180339887498949
11.180339887498949
11.180339887498949
11.180339887498949
9.433981132056603
8.06225774829855
9.848857801796104
10.63014581273465
7.615773105863909
12.083045973594572
13.892443989449804
10.44030650891055
10.295630140987
9.219544457292887
12.083045973594572
8.602325267042627
10.295630140987
8.246211251235321
8.54400374531753
7.615773105863909
7.0710678118654755
11.661903789690601
11.704699910719626
8.06225774829855
8.06225774829855
7.0
4.47213595499958
4.123105625617661
5.0
8.602325267042627
9.486832980505138
10.295630140987
10.295630140987
5.830951894845301
6.4031242374328485
7.0710678118654755
9.219544457292887
10.0
8.602325267042627
7.810249675906654
5.656854249492381
5.830951894845301
5.0
7.810249675906654
8.602325267042627
8.48528137423857
7.810249675906654
7.0710678118654755
2.23606797749979
1.0
5.385164807134504
2.8284271247461903
2.23606797749979
1.4142135623730951
2.23606797749979
5.385164807134504
3.1622776601683795
1.4142135623730951
1.0
3.605551275463989
1.4142135623730951
2.23606797749979
4.47213595499958
1.0
3.1622776601683795
3.605551275463989
5.0
4.123105625617661
5.0
5.0
6.4031242374328485
3.1622776601683795
1.4142135623730951
3.1622776601683795
5.385164807134504
4.47213595499958
1.0
1.4142135623730951
4.123105625617661
4.47213595499958
2.23606797749979
1.0
2.0
6.708203932499369
6.082762530298219
6.708203932499369
4.0
4.123105625617661
3.605551275463989
3.605551275463989
1.4142135623730951
2.8284271247461903
5.0
6.708203932499369
3.1622776601683795
5.385164807134504
7.810249675906654
5.0
5.0
7.810249675906654
10.198039027185569
12.165525060596439
7.280109889280518
4.0
2.0
6.324555320336759
6.082762530298219
4.47213595499958
4.47213595499958
2.23606797749979
2.23606797749979
6.082762530298219
8.0
9.055385138137417
9.055385138137417
7.0
6.082762530298219
6.082762530298219
2.23606797749979
4.123105625617661
4.123105625617661
3.0
5.0
6.082762530298219
6.708203932499369
8.246211251235321
14.317821063276353
13.038404810405298
15.132745950421556
15.297058540778355
14.035668847618199
11.40175425099138
15.524174696260024
17.72004514666935
20.396078054371138
17.26267650163207
20.396078054371138
27.65863337187866
12.083045973594572
13.601470508735444
14.560219778561036
16.492422502470642
13.92838827718412
12.649110640673518
11.40175425099138
13.601470508735444
16.76305461424021
13.152946437965905
10.0
12.165525060596439
13.0
13.601470508735444
15.297058540778355
12.165525060596439
12.165525060596439
10.770329614269007
10.295630140987
10.44030650891055
12.649110640673518
10.770329614269007
11.704699910719626
9.055385138137417
12.529964086141668
10.198039027185569
11.180339887498949
12.083045973594572
9.219544457292887
10.198039027185569
13.0
9.848857801796104
10.295630140987
10.295630140987
11.180339887498949
10.295630140987
11.704699910719626
11.661903789690601
12.649110640673518
13.892443989449804
14.317821063276353
14.317821063276353
15.811388300841896
16.15549442140351
14.560219778561036
12.36931687685298
11.180339887498949
10.198039027185569
12.649110640673518
12.083045973594572
12.649110640673518
9.219544457292887
9.0
9.848857801796104
10.198039027185569
8.246211251235321
8.94427190999916
9.055385138137417
8.246211251235321
7.0710678118654755
5.385164807134504
8.54400374531753
7.280109889280518
8.246211251235321
7.615773105863909
10.816653826391969
9.899494936611665
10.816653826391969
9.219544457292887
13.601470508735444
10.770329614269007
9.848857801796104
7.0
6.082762530298219
8.54400374531753
8.06225774829855
8.06225774829855
7.280109889280518
5.0990195135927845
4.123105625617661
7.0710678118654755
6.082762530298219
8.246211251235321
7.280109889280518
6.708203932499369
6.708203932499369
10.0
9.433981132056603
9.433981132056603
8.54400374531753
7.615773105863909
7.615773105863909
8.06225774829855
8.602325267042627
8.602325267042627
8.06225774829855
8.602325267042627
7.211102550927978
8.94427190999916
9.899494936611665
8.602325267042627
9.899494936611665
10.63014581273465
10.63014581273465
8.602325267042627
7.0710678118654755
5.656854249492381
5.656854249492381
5.656854249492381
5.0
7.0710678118654755
7.810249675906654
8.06225774829855
8.48528137423857
7.810249675906654
8.06225774829855
8.06225774829855
8.54400374531753
8.06225774829855
6.082762530298219
6.324555320336759
5.0990195135927845
5.0990195135927845
5.0990195135927845
3.0
4.47213595499958
2.23606797749979
4.0
6.082762530298219
4.242640687119285
3.0
2.8284271247461903
2.23606797749979
2.23606797749979
1.4142135623730951
6.082762530298219
5.385164807134504
6.082762530298219
5.0
7.280109889280518
8.246211251235321
6.082762530298219
4.123105625617661
4.47213595499958
3.1622776601683795
4.0
4.123105625617661
5.0
4.123105625617661
6.324555320336759
6.324555320336759
7.280109889280518
6.324555320336759
5.385164807134504
7.615773105863909
7.280109889280518
8.06225774829855
7.280109889280518
7.280109889280518
7.615773105863909
7.280109889280518
7.0
6.082762530298219
9.055385138137417
9.219544457292887
6.082762530298219
7.615773105863909
5.0990195135927845
9.219544457292887
12.206555615733702
15.264337522473747
18.601075237738275
22.20360331117452
22.67156809750927
33.1058907144937
30.870698080866262
