2.23606797749979
1.0
2.23606797749979
1.4142135623730951
1.0
2.23606797749979
1.0
2.23606797749979
2.0
2.23606797749979
2.0
2.23606797749979
2.0
1.4142135623730951
1.4142135623730951
2.23606797749979
1.0
2.0
1.0
2.23606797749979
1.0
1.4142135623730951
2.0
1.0
2.0
1.4142135623730951
0.0
2.0
1.0
1.0
1.0
2.0
1.4142135623730951
1.0
2.0
2.0
2.0
2.0
2.23606797749979
1.0
1.4142135623730951
0.0
1.4142135623730951
1.0
0.0
1.4142135623730951
1.0
1.0
1.0
1.0
1.0
0.0
0.0
1.4142135623730951
0.0
1.0
1.0
1.4142135623730951
1.0
1.0
1.0
2.0
2.0
1.4142135623730951
2.23606797749979
1.0
2.23606797749979
2.23606797749979
2.23606797749979
2.23606797749979
2.23606797749979
2.23606797749979
3.0
2.23606797749979
2.23606797749979
2.8284271247461903
1.0
3.0
1.4142135623730951
2.23606797749979
2.8284271247461903
4.0
5.0990195135927845
1.4142135623730951
2.23606797749979
4.123105625617661
4.0
5.385164807134504
3.605551275463989
3.1622776601683795
3.1622776601683795
4.47213595499958
5.0
4.47213595499958
7.280109889280518
6.324555320336759
5.830951894845301
10.0
14.866068747318506
22.360679774997898
28.284271247461902
31.064449134018133
33.13608305156178
20.0
12.041594578792296
8.0
8.0
7.0
6.082762530298219
2.23606797749979
3.1622776601683795
2.0
2.8284271247461903
1.4142135623730951
1.4142135623730951
1.4142135623730951
1.4142135623730951
2.0
1.0
1.0
1.0
1.0
1.0
2.0
1.0
1.4142135623730951
1.0
2.23606797749979
1.4142135623730951
1.4142135623730951
1.4142135623730951
1.0
1.4142135623730951
1.4142135623730951
1.4142135623730951
1.4142135623730951
2.23606797749979
1.4142135623730951
1.4142135623730951
1.0
1.0
1.4142135623730951
1.0
1.0
2.23606797749979
2.23606797749979
1.0
2.23606797749979
1.4142135623730951
2.23606797749979
