5.830951894845301
1.4142135623730951
4.47213595499958
3.1622776601683795
2.0
2.0
3.605551275463989
5.0
3.605551275463989
1.0
1.0
1.4142135623730951
2.23606797749979
1.4142135623730951
2.23606797749979
1.0
2.0
2.23606797749979
2.23606797749979
2.0
5.830951894845301
4.0
2.23606797749979
1.4142135623730951
3.0
2.0
2.8284271247461903
3.1622776601683795
3.605551275463989
2.8284271247461903
2.23606797749979
4.47213595499958
5.0990195135927845
5.385164807134504
2.23606797749979
3.1622776601683795
1.0
1.4142135623730951
1.0
4.47213595499958
7.810249675906654
10.816653826391969
8.602325267042627
8.06225774829855
8.06225774829855
8.06225774829855
8.06225774829855
8.06225774829855
8.94427190999916
8.54400374531753
6.324555320336759
10.295630140987
10.295630140987
8.246211251235321
8.246211251235321
9.848857801796104
7.211102550927978
10.295630140987
7.211102550927978
12.206555615733702
7.810249675906654
8.06225774829855
6.708203932499369
6.324555320336759
8.602325267042627
6.324555320336759
6.082762530298219
10.816653826391969
6.324555320336759
5.0990195135927845
6.324555320336759
4.123105625617661
3.1622776601683795
5.385164807134504
3.605551275463989
2.8284271247461903
4.123105625617661
6.0
6.324555320336759
9.848857801796104
9.433981132056603
10.44030650891055
1.4142135623730951
5.385164807134504
9.219544457292887
13.038404810405298
13.416407864998739
11.313708498984761
14.317821063276353
11.180339887498949
10.295630140987
7.280109889280518
6.708203932499369
3.1622776601683795
6.4031242374328485
9.899494936611665
10.63014581273465
7.211102550927978
2.0
4.123105625617661
5.385164807134504
4.123105625617661
2.23606797749979
3.1622776601683795
2.23606797749979
4.123105625617661
5.385164807134504
2.0
4.123105625617661
3.1622776601683795
5.0990195135927845
1.4142135623730951
2.23606797749979
2.23606797749979
3.0
5.0990195135927845
3.1622776601683795
2.0
3.605551275463989
3.1622776601683795
5.385164807134504
2.8284271247461903
1.4142135623730951
4.123105625617661
5.0
1.4142135623730951
3.1622776601683795
2.23606797749979
2.8284271247461903
2.0
5.830951894845301
1.4142135623730951
2.0
4.242640687119285
0.0
1.0
1.0
4.47213595499958
2.0
1.0
1.0
3.1622776601683795
5.830951894845301
3.0
2.23606797749979
2.23606797749979
3.0
3.605551275463989
1.0
1.0
2.23606797749979
2.8284271247461903
3.0
6.708203932499369
4.47213595499958
4.0
5.830951894845301
4.242640687119285
1.4142135623730951
3.605551275463989
5.385164807134504
8.94427190999916
13.0
13.0
16.55294535724685
12.36931687685298
12.083045973594572
11.40175425099138
8.48528137423857
14.7648230602334
13.0
15.652475842498529
15.652475842498529
16.55294535724685
15.264337522473747
9.433981132056603
10.63014581273465
9.219544457292887
11.313708498984761
10.63014581273465
9.219544457292887
8.06225774829855
14.7648230602334
15.620499351813308
10.63014581273465
12.041594578792296
15.652475842498529
15.811388300841896
13.416407864998739
10.04987562112089
6.082762530298219
10.770329614269007
11.40175425099138
5.830951894845301
2.23606797749979
9.219544457292887
14.317821063276353
8.48528137423857
6.4031242374328485
11.661903789690601
11.661903789690601
8.246211251235321
11.40175425099138
7.280109889280518
7.280109889280518
11.180339887498949
6.082762530298219
5.0990195135927845
5.830951894845301
5.830951894845301
5.656854249492381
7.280109889280518
10.770329614269007
8.0
8.94427190999916
5.830951894845301
4.123105625617661
7.280109889280518
6.708203932499369
8.54400374531753
6.082762530298219
10.295630140987
7.280109889280518
7.615773105863909
9.848857801796104
8.54400374531753
6.0
11.661903789690601
9.433981132056603
9.848857801796104
7.280109889280518
5.0
2.8284271247461903
6.708203932499369
5.0990195135927845
4.123105625617661
9.433981132056603
7.0710678118654755
5.0
5.830951894845301
6.082762530298219
5.830951894845301
6.082762530298219
5.385164807134504
6.324555320336759
5.0
4.242640687119285
5.0
5.0
6.0
7.0710678118654755
5.0
3.605551275463989
5.0990195135927845
9.055385138137417
4.47213595499958
6.082762530298219
4.47213595499958
5.385164807134504
6.708203932499369
6.082762530298219
4.123105625617661
4.123105625617661
3.0
5.0
2.23606797749979
3.605551275463989
5.0
6.0
5.0
5.0
5.0
6.324555320336759
6.4031242374328485
5.830951894845301
5.385164807134504
7.0
4.47213595499958
7.0710678118654755
5.385164807134504
5.830951894845301
3.605551275463989
5.0
4.123105625617661
3.605551275463989
3.1622776601683795
2.8284271247461903
2.23606797749979
4.123105625617661
4.0
3.1622776601683795
2.23606797749979
4.0
2.23606797749979
4.0
3.605551275463989
1.0
1.4142135623730951
0.0
1.0
1.0
1.4142135623730951
1.4142135623730951
3.1622776601683795
2.0
2.0
2.0
1.4142135623730951
1.4142135623730951
5.0
2.23606797749979
3.0
4.242640687119285
4.123105625617661
4.242640687119285
4.123105625617661
7.0710678118654755
5.0990195135927845
5.0
6.324555320336759
5.0990195135927845
4.123105625617661
4.123105625617661
5.0
4.47213595499958
4.47213595499958
3.1622776601683795
5.0990195135927845
3.605551275463989
3.0
3.605551275463989
4.123105625617661
6.082762530298219
6.708203932499369
4.47213595499958
5.385164807134504
8.0
5.0990195135927845
11.180339887498949
8.06225774829855
5.830951894845301
7.0710678118654755
8.0
5.0990195135927845
6.082762530298219
6.082762530298219
7.0710678118654755
4.47213595499958
5.656854249492381
6.082762530298219
4.123105625617661
6.082762530298219
6.324555320336759
6.0
7.0710678118654755
8.06225774829855
8.06225774829855
8.54400374531753
8.94427190999916
7.810249675906654
5.830951894845301
41.048751503547585
37.013511046643494
37.48332962798263
38.2099463490856
32.202484376209235
33.28663395418648
38.41874542459709
37.44329045369811
34.0
42.20189569201838
40.311288741492746
3.1622776601683795
