2.23606797749979
1.0
0.0
1.4142135623730951
1.0
1.0
1.4142135623730951
1.4142135623730951
1.0
0.0
1.0
1.0
0.0
0.0
1.0
1.0
1.0
1.0
0.0
1.0
1.0
1.0
1.4142135623730951
1.4142135623730951
0.0
1.0
1.0
0.0
1.0
1.0
3.0
6.708203932499369
17.029386365926403
30.805843601498726
30.610455730027933
29.0
30.4138126514911
31.144823004794873
31.827660925679098
32.526911934581186
4.47213595499958
1.0
1.0
1.0
1.0
1.0
1.4142135623730951
0.0
1.0
0.0
1.4142135623730951
1.0
1.0
1.0
2.8284271247461903
1.4142135623730951
1.0
1.0
1.0
1.0
1.0
1.0
0.0
1.4142135623730951
1.4142135623730951
1.0
1.4142135623730951
1.0
1.0
0.0
1.0
1.0
1.0
1.4142135623730951
1.0
1.0
1.0
0.0
0.0
1.0
1.4142135623730951
1.0
0.0
3.0
4.0
3.0
3.0
4.47213595499958
3.0
4.123105625617661
1.4142135623730951
2.8284271247461903
3.0
4.123105625617661
4.123105625617661
5.0990195135927845
5.0990195135927845
6.082762530298219
7.0710678118654755
8.0
9.0
9.055385138137417
6.0
7.0
7.280109889280518
8.0
9.055385138137417
10.04987562112089
12.041594578792296
13.0
14.035668847618199
16.0312195418814
17.46424919657298
17.46424919657298
14.142135623730951
14.0
13.0
13.038404810405298
12.0
12.0
11.0
9.0
9.219544457292887
8.0
8.06225774829855
8.0
5.0990195135927845
3.0
4.123105625617661
2.23606797749979
4.47213595499958
2.23606797749979
1.0
1.4142135623730951
0.0
1.4142135623730951
1.0
1.4142135623730951
1.4142135623730951
2.0
1.0
0.0
2.23606797749979
1.4142135623730951
1.0
2.0
2.0
0.0
1.0
3.1622776601683795
8.94427190999916
8.94427190999916
10.295630140987
8.06225774829855
5.0
4.123105625617661
4.123105625617661
5.0
0.0
0.0
1.4142135623730951
1.0
1.0
1.0
1.4142135623730951
2.0
2.23606797749979
2.0
3.0
4.0
4.123105625617661
5.0
6.082762530298219
3.1622776601683795
2.0
1.0
0.0
1.0
1.0
1.4142135623730951
1.0
1.0
0.0
1.0
0.0
1.0
1.0
1.0
1.0
0.0
1.4142135623730951
1.0
1.4142135623730951
0.0
1.4142135623730951
1.4142135623730951
1.4142135623730951
1.4142135623730951
1.4142135623730951
1.0
1.0
2.23606797749979
1.0
1.4142135623730951
1.4142135623730951
1.4142135623730951
1.0
1.4142135623730951
1.0
0.0
1.0
1.4142135623730951
1.0
1.4142135623730951
4.47213595499958
4.123105625617661
1.0
1.0
1.0
1.4142135623730951
2.0
1.4142135623730951
4.123105625617661
12.206555615733702
15.811388300841896
13.416407864998739
9.055385138137417
12.041594578792296
18.0
22.0
26.0
27.0
34.0147027033899
3.1622776601683795
2.23606797749979
0.0
2.0
5.0
4.123105625617661
2.23606797749979
3.605551275463989
1.4142135623730951
1.4142135623730951
1.4142135623730951
1.0
1.4142135623730951
1.4142135623730951
2.0
4.0
2.23606797749979
1.0
1.0
1.4142135623730951
1.0
2.0
1.4142135623730951
1.4142135623730951
1.4142135623730951
2.23606797749979
1.0
0.0
2.0
1.4142135623730951
0.0
1.0
1.0
1.0
2.23606797749979
1.0
1.4142135623730951
1.4142135623730951
1.4142135623730951
1.0
1.0
1.0
0.0
1.0
0.0
5.0
1.4142135623730951
0.0
1.0
0.0
2.23606797749979
1.0
1.4142135623730951
1.0
1.4142135623730951
1.0
1.0
1.4142135623730951
1.0
1.4142135623730951
2.23606797749979
2.23606797749979
2.0
1.0
1.0
1.4142135623730951
1.4142135623730951
1.4142135623730951
4.242640687119285
1.0
0.0
1.0
1.0
0.0
0.0
2.0
1.0
0.0
1.0
4.47213595499958
1.0
1.0
1.0
4.242640687119285
0.0
0.0
1.0
1.0
1.0
2.23606797749979
2.0
0.0
0.0
0.0
2.23606797749979
1.4142135623730951
1.4142135623730951
1.0
1.4142135623730951
1.0
1.4142135623730951
0.0
2.23606797749979
1.4142135623730951
2.0
1.4142135623730951
2.23606797749979
1.4142135623730951
2.23606797749979
3.1622776601683795
1.4142135623730951
1.0
1.0
0.0
1.4142135623730951
0.0
1.0
1.0
1.0
1.4142135623730951
1.0
1.0
1.0
2.23606797749979
1.0
1.4142135623730951
1.4142135623730951
1.4142135623730951
1.4142135623730951
1.0
1.0
2.23606797749979
3.1622776601683795
4.123105625617661
3.605551275463989
3.605551275463989
2.23606797749979
2.8284271247461903
4.47213595499958
2.23606797749979
3.0
4.47213595499958
4.47213595499958
4.47213595499958
4.123105625617661
4.123105625617661
3.1622776601683795
3.605551275463989
7.0710678118654755
4.242640687119285
1.0
4.47213595499958
1.0
1.4142135623730951
0.0
0.0
2.23606797749979
2.0
1.0
2.23606797749979
1.4142135623730951
1.0
2.0
5.0
1.0
2.8284271247461903
1.4142135623730951
