72.23587223587224
94.34889434889435
76.16707616707616
68.40294840294841
91.86602870813397
67.26726726726727
68.21821821821821
80.08008008008008
68.21821821821821
77.4604793472718
88.1183069862315
88.1183069862315
67.82744282744282
89.81288981288982
74.84407484407485
66.94386694386695
74.84407484407485
89.81288981288982
89.81288981288982
89.81288981288982
68.80341880341881
88.61538461538463
81.44796380090497
78.73303167420815
76.01809954751131
93.66515837104072
93.66515837104072
93.66515837104072
93.66515837104072
95.50173010380622
79.58477508650519
79.58477508650519
95.50173010380622
87.19723183391002
86.58823529411764
86.58823529411764
90.91764705882353
90.91764705882353
75.76470588235294
90.91764705882353
90.32727272727271
76.36363636363637
75.27272727272727
70.3125
89.7
70.3125
86.25
63.24999999999999
89.7
61.875
59.44700460829493
66.62277814351548
53.785385121790654
52.1395655036208
45.16129032258064
49.126344086021504
45.69892473118279
50.806451612903224
44.33768016472203
53.191489361702125
52.16197666437886
52.16197666437886
53.90070921985816
58.08510638297872
62.4113475177305
57.971014492753625
56.30434782608695
65.36231884057972
50.8695652173913
45.33333333333333
53.333333333333336
52.41379310344828
56.97151424287856
48.04347826086956
56.97151424287856
50.183418928833454
66.9112252384446
54.90734385724091
67.74193548387098
59.354838709677416
45.78163771712159
45.16129032258064
63.75711574952561
63.19947333772219
66.3594470046083
72.67939433838052
57.5378538512179
55.036208031599735
50.69124423963134
64.46346280447663
49.24292297564187
49.24292297564187
72.04739960500328
57.5378538512179
55.036208031599735
48.716260697827515
46.28044766293614
50.032916392363404
53.58788676761027
57.5378538512179
72.04739960500328
72.04739960500328
54.27295918367348
52.806122448979586
51.91326530612245
55.73979591836735
59.693877551020414
82.15931533903886
82.15931533903886
80.10533245556287
88.06451612903226
85.3125
85.3125
85.3125
79.59183673469387
75.0
87.27272727272728
84.70588235294117
84.70588235294117
88.73949579831934
83.8095238095238
80.26666666666667
82.13333333333333
79.91351351351351
79.91351351351351
78.09729729729729
79.91351351351351
78.34658187599364
78.34658187599364
76.83991683991684
72.32704402515722
84.44671086180522
84.44671086180522
65.68077511473737
66.76676676676678
86.48648648648648
84.9140049140049
68.40294840294841
68.40294840294841
90.57493857493857
90.57493857493857
88.95752895752895
67.87878787878789
67.87878787878789
67.87878787878789
75.75757575757575
75.75757575757575
76.88492063492063
76.88492063492063
82.53968253968253
82.42424242424242
76.71717171717172
73.58585858585859
84.3609022556391
80.0
71.0204081632653
85.0
80.66326530612244
84.79532163742691
77.48538011695906
71.28654970760233
86.78362573099415
81.57894736842105
86.8421052631579
78.94736842105263
80.4093567251462
83.3976833976834
80.16194331983806
87.4493927125506
87.4493927125506
92.03778677462888
74.35897435897436
70.5353126405758
84.6684350132626
76.92307692307693
80.17241379310344
93.74005305039788
88.19628647214854
83.15649867374006
83.15649867374006
87.17948717948718
82.05128205128204
93.74005305039788
77.80725022104332
74.27055702917772
59.41644562334217
64.1025641025641
57.95755968169761
56.94076038903625
61.53846153846154
66.84350132625994
56.94076038903625
51.06100795755968
44.56233421750663
51.9893899204244
43.76657824933687
26.25994694960212
65.6498673740053
61.8921308576481
59.41644562334217
54.46507515473032
60.786914235190096
64.32748538011695
68.0371352785146
61.85335132703553
53.441295546558706
62.977957714799814
70.5353126405758
65.49707602339181
62.977957714799814
60.72874493927125
56.9050832208727
64.32748538011695
64.32748538011695
69.73684210526315
70.86466165413535
71.05263157894737
64.75563909774436
67.24624060150376
64.75563909774436
72.36842105263158
61.09022556390977
64.75563909774436
61.311311311311314
58.85885885885885
67.66766766766766
65.06506506506507
56.406406406406404
63.76376376376376
62.46246246246246
62.46246246246246
60.06006006006006
62.46246246246246
58.85885885885885
58.80880880880881
56.406406406406404
52.95295295295295
52.47322794492606
53.51351351351351
49.72972972972973
48.64864864864865
50.810810810810814
57.08108108108109
59.67567567567568
62.27027027027027
54.7027027027027
55.945945945945944
54.7027027027027
64.86486486486487
74.72432432432431
60.0
60.05555555555555
63.888888888888886
62.21064814814815
63.888888888888886
65.10416666666666
69.21296296296296
72.91666666666666
59.72222222222222
63.657407407407405
61.111111111111114
62.21064814814815
52.1580547112462
57.07133917396746
53.69211514392991
58.57321652065082
46.31093544137022
54.01844532279315
56.7193675889328
79.99999999999999
69.56521739130434
60.74074074074074
59.3939393939394
59.3939393939394
72.88888888888889
67.87878787878789
84.84848484848486
62.22222222222222
74.34343434343434
58.333333333333336
61.111111111111114
62.291666666666664
62.291666666666664
53.69318181818182
55.18465909090909
55.18465909090909
55.39772727272727
58.16761363636363
58.16761363636363
55.18465909090909
53.69318181818182
53.69318181818182
55.18465909090909
53.69318181818182
57.55813953488372
52.32558139534884
51.5625
53.76344086021505
51.61290322580645
49.03225806451613
49.03225806451613
54.83870967741935
60.322580645161295
62.779156327543426
62.779156327543426
62.779156327543426
69.5054945054945
61.875
58.92857142857143
57.67857142857142
57.14285714285714
58.92857142857143
57.67857142857142
57.67857142857142
56.25
60.12145748987854
73.28571428571429
61.07142857142858
77.14285714285715
78.92307692307692
78.92307692307692
87.23076923076923
69.23076923076923
91.38461538461537
83.07692307692307
74.76923076923076
70.67307692307693
87.23076923076923
91.38461538461537
91.38461538461537
80.16194331983806
80.16194331983806
68.80952380952381
81.46285714285715
68.80952380952381
69.94285714285714
60.34285714285714
58.92857142857143
68.80952380952381
89.57142857142857
86.85714285714285
80.88235294117648
79.16666666666666
92.20588235294117
75.0
76.83823529411765
66.66666666666666
66.66666666666666
62.745098039215684
66.66666666666666
70.58823529411765
60.60606060606061
62.62626262626263
58.58585858585859
62.62626262626263
62.62626262626263
60.60606060606061
62.62626262626263
60.60606060606061
62.62626262626263
50.88383838383839
49.24242424242424
62.62626262626263
56.916996047430835
65.65656565656566
46.113306982872196
34.78260869565217
24.242424242424242
15.810276679841898
7.114624505928854
8.432147562582346
0
0
