69.82800982800983
100
73.71007371007371
100
100
100
100
70.76167076167076
100
100
100
100
100
100
100
100
100
100
100
100
67.26726726726727
100
100
100
100
100
100
100
100
100
100
100
100
100
100
100
100
100
100
100
63.37448559670782
53.49794238683128
61.934156378600825
100
100
100
100
100
100
100
100
55.188679245283026
56.25
100
100
100
63.84083044982699
56.978085351787776
63.84083044982699
51.21107266435986
61.47635524798154
62.28373702422145
100
100
58.47750865051903
100
100
53.34486735870819
100
100
100
100
100
100
100
100
100
100
100
53.18681318681319
54.340659340659336
51.76470588235295
100
100
53.06122448979592
43.33733493397359
42.136854741896755
48.85954381752701
46.0984393757503
100
53.89355742296919
100
100
100
65.11764705882352
53.979238754325266
51.73010380622838
60.553633217993074
100
100
100
100
100
100
100
100
100
100
100
100
100
100
100
100
100
100
100
100
100
100
100
100
100
100
100
100
100
100
100
100
73.35390946502058
100
100
100
100
100
100
68.40294840294841
100
100
100
71.81467181467181
70.3030303030303
78.28282828282829
100
100
78.28282828282829
100
100
100
80.8080808080808
100
100
69.08487434803224
100
100
71.81467181467181
74.8069498069498
100
79.80085348506401
73.96870554765292
65.29160739687056
54.52821242294926
54.52821242294926
45.519203413940254
56.70934091986724
58.74060150375939
58.2995951417004
66.12685560053981
49.662618083670715
53.98110661268556
47.65694076038904
47.50337381916329
45.49071618037136
48.80636604774536
63.12997347480106
61.53846153846154
64.9867374005305
59.41644562334217
61.53846153846154
64.1025641025641
66.66666666666666
49.823165340406725
50.83996463306808
61.53846153846154
60.256410256410255
50.83996463306808
49.86737400530504
53.05039787798409
100
100
59.77011494252874
58.48806366047745
72.63483642793987
81.16710875331566
64.1025641025641
51.5473032714412
66.3129973474801
71.26436781609196
57.47126436781609
57.47126436781609
66.84350132625994
58.2995951417004
69.23076923076923
69.14080071974809
58.47953216374269
72.8744939271255
100
100
100
100
100
59.64912280701754
100
67.10526315789474
74.29511278195488
100
70.86466165413535
71.8984962406015
67.10526315789474
100
62.17105263157895
70.86466165413535
66.21621621621621
63.76376376376376
63.76376376376376
100
55.25525525525525
61.16116116116116
60.06006006006006
67.56756756756756
100
100
68.66866866866866
100
100
61.16116116116116
100
100
100
100
100
100
100
100
100
100
100
100
100
69.33333333333334
100
100
100
100
100
100
100
100
100
71.875
100
100
100
75.3441802252816
100
100
100
75.75757575757575
100
100
77.03703703703704
100
100
100
100
100
100
100
100
100
100
100
100
100
100
100
100
100
100
100
100
100
100
100
100
100
100
83.87096774193549
83.87096774193549
83.87096774193549
83.87096774193549
83.87096774193549
100
81.72043010752688
81.72043010752688
86.99633699633699
92.85714285714286
92.85714285714286
78.57142857142857
89.28571428571429
100
100
100
100
100
100
100
100
100
80.76923076923077
100
84.61538461538461
100
100
100
88.9423076923077
80.76923076923077
100
100
100
88.56275303643724
76.90476190476191
73.82857142857144
85.0
77.71428571428571
66.05714285714286
80.95238095238095
56.666666666666664
68.80952380952381
80.95238095238095
75.0
70.83333333333334
83.33333333333334
79.16666666666666
79.16666666666666
75.0
87.5
100
79.16666666666666
87.5
76.76767676767676
76.76767676767676
76.76767676767676
72.72727272727273
68.68686868686868
68.68686868686868
68.68686868686868
68.68686868686868
100
100
0
0
0
0
4.216073781291173
3.9525691699604746
0
1.0540184453227932
3.689064558629776
0
0.0
88.53754940711462
