83.6940836940837
96.96969696969697
96.96969696969697
94.11764705882352
94.11764705882352
94.11764705882352
94.11764705882352
94.11764705882352
94.11764705882352
94.11764705882352
94.11764705882352
94.11764705882352
94.11764705882352
94.11764705882352
94.11764705882352
94.11764705882352
94.11764705882352
94.11764705882352
94.11764705882352
94.11764705882352
94.11764705882352
94.11764705882352
94.11764705882352
94.11764705882352
94.11764705882352
94.11764705882352
94.11764705882352
94.11764705882352
94.11764705882352
94.11764705882352
88.23529411764706
72.19251336898395
32.0855614973262
5.347593582887701
3.2085561497326207
1.6042780748663104
1.3368983957219251
1.2032085561497325
0.0
0
72.19251336898395
94.11764705882352
94.11764705882352
94.11764705882352
94.11764705882352
94.11764705882352
94.11764705882352
94.11764705882352
94.11764705882352
94.11764705882352
94.11764705882352
94.11764705882352
94.11764705882352
94.11764705882352
87.03208556149733
87.45341614906832
87.45341614906832
87.45341614906832
87.45341614906832
87.45341614906832
87.45341614906832
87.45341614906832
87.45341614906832
87.45341614906832
87.45341614906832
87.45341614906832
87.45341614906832
87.45341614906832
87.45341614906832
87.45341614906832
87.45341614906832
87.45341614906832
87.45341614906832
87.45341614906832
87.45341614906832
87.45341614906832
87.45341614906832
87.45341614906832
87.45341614906832
87.45341614906832
85.02415458937197
85.02415458937197
85.02415458937197
79.5031055900621
75.527950310559
79.5031055900621
79.5031055900621
73.16770186335404
79.5031055900621
75.527950310559
85.02415458937197
81.15942028985508
77.29468599033817
73.42995169082126
73.42995169082126
69.56521739130434
69.56521739130434
65.70048309178745
61.83574879227053
57.971014492753625
54.106280193236714
54.106280193236714
68.91891891891892
65.09009009009009
63.17567567567568
61.261261261261254
57.432432432432435
53.6036036036036
45.94594594594595
42.11711711711711
38.288288288288285
30.630630630630627
24.561403508771928
24.561403508771928
41.00877192982456
41.00877192982456
44.73684210526316
44.73684210526316
48.46491228070175
48.46491228070175
52.19298245614035
59.64912280701754
59.64912280701754
63.377192982456144
63.377192982456144
63.377192982456144
71.57894736842105
78.73684210526316
75.1578947368421
87.1578947368421
81.05263157894737
88.61538461538461
90.0
90.0
90.0
90.0
90.0
90.0
90.0
90.0
90.0
90.0
83.07692307692308
88.61538461538461
88.61538461538461
86.15384615384616
86.15384615384616
88.61538461538461
88.61538461538461
84.92307692307692
62.76923076923077
62.76923076923077
57.53846153846154
66.25641025641026
76.71794871794872
95.53846153846153
95.53846153846153
91.38461538461537
90.0
90.0
90.0
90.0
90.0
90.0
90.0
86.53846153846155
90.0
86.53846153846155
83.07692307692308
95.53846153846153
95.53846153846153
91.38461538461537
87.23076923076923
83.07692307692308
86.53846153846155
90.0
90.0
90.0
90.0
90.0
90.0
90.0
90.0
90.0
90.0
90.0
90.0
90.0
90.0
90.0
90.0
90.0
90.0
90.0
90.0
89.25022583559169
89.25022583559169
89.25022583559169
89.25022583559169
89.25022583559169
89.25022583559169
85.81752484191509
89.25022583559169
89.25022583559169
89.25022583559169
89.25022583559169
89.25022583559169
89.25022583559169
89.25022583559169
89.25022583559169
89.25022583559169
89.25022583559169
89.25022583559169
89.25022583559169
76.87443541102078
78.95212285456188
87.12522045855378
87.12522045855378
87.12522045855378
87.12522045855378
83.77425044091711
87.12522045855378
81.12874779541445
50.83056478405316
39.8671096345515
49.67532467532468
61.30268199233716
52.10727969348659
33.71647509578544
21.455938697318008
9.195402298850574
6.130268199233716
0
85.47077922077922
86.37873754152824
93.02325581395348
87.66233766233766
88.27586206896551
91.95402298850576
82.75862068965517
85.47077922077922
90.9090909090909
90.9090909090909
90.9090909090909
90.9090909090909
90.9090909090909
90.9090909090909
90.9090909090909
76.62835249042146
85.82375478927203
85.82375478927203
85.82375478927203
85.82375478927203
85.82375478927203
87.96934865900383
91.30434782608695
91.30434782608695
91.30434782608695
91.30434782608695
89.36170212765957
89.36170212765957
89.36170212765957
89.36170212765957
88.70967741935483
88.70967741935483
89.79591836734694
89.79591836734694
86.98979591836735
89.79591836734694
89.79591836734694
89.79591836734694
89.79591836734694
89.79591836734694
92.0
92.0
92.0
92.0
92.0
77.54010695187165
87.46286393345217
87.46286393345217
87.46286393345217
87.46286393345217
83.2579185520362
92.3076923076923
92.3076923076923
92.3076923076923
92.3076923076923
89.94708994708994
89.94708994708994
89.94708994708994
89.94708994708994
88.31168831168831
88.31168831168831
88.31168831168831
88.31168831168831
88.31168831168831
92.85714285714286
92.85714285714286
92.85714285714286
92.85714285714286
82.21906116642958
88.7624466571835
88.7624466571835
88.7624466571835
88.7624466571835
88.7624466571835
93.10344827586206
90.65335753176043
93.10344827586206
93.10344827586206
93.10344827586206
80.76923076923077
87.6923076923077
87.6923076923077
87.6923076923077
81.88524590163935
91.80327868852459
91.80327868852459
91.80327868852459
91.80327868852459
91.80327868852459
92.70491803278689
89.81804103755323
89.81804103755323
89.81804103755323
88.41463414634147
88.41463414634147
88.41463414634147
88.41463414634147
88.41463414634147
88.41463414634147
88.41463414634147
88.41463414634147
88.41463414634147
88.41463414634147
88.41463414634147
88.41463414634147
88.41463414634147
88.41463414634147
88.41463414634147
88.41463414634147
88.26945412311265
89.81804103755323
89.81804103755323
89.81804103755323
89.81804103755323
89.81804103755323
89.81804103755323
89.81804103755323
89.81804103755323
89.81804103755323
89.81804103755323
88.41463414634147
88.41463414634147
88.41463414634147
88.41463414634147
88.41463414634147
88.41463414634147
88.41463414634147
88.41463414634147
88.41463414634147
88.41463414634147
92.3076923076923
98.30508474576271
95.84745762711864
93.38983050847457
94.19491525423729
94.19491525423729
98.30508474576271
96.61016949152543
93.22033898305084
96.61016949152543
95.84745762711864
91.77966101694915
91.77966101694915
91.77966101694915
93.38983050847457
93.38983050847457
95.84745762711864
94.19491525423729
86.12068965517241
92.45689655172413
100.0
90.71618037135278
95.75596816976127
95.75596816976127
94.07603890362512
94.07603890362512
92.3076923076923
90.5982905982906
94.73684210526315
92.98245614035088
90.41353383458647
92.85714285714286
92.85714285714286
82.23684210526315
92.85714285714286
87.96992481203007
86.87258687258688
