85.15406162464986
89.6358543417367
85.15406162464986
92.43697478991596
95.23809523809523
87.81512605042016
95.23809523809523
87.81512605042016
90.47619047619048
87.81512605042016
90.47619047619048
87.81512605042016
90.47619047619048
92.43697478991596
92.43697478991596
87.81512605042016
92.43697478991596
89.6358543417367
92.43697478991596
89.6358543417367
92.43697478991596
92.43697478991596
89.6358543417367
92.43697478991596
89.6358543417367
92.43697478991596
95.23809523809523
89.6358543417367
92.43697478991596
92.43697478991596
92.43697478991596
89.6358543417367
92.43697478991596
92.43697478991596
89.6358543417367
89.6358543417367
89.6358543417367
89.6358543417367
89.6358543417367
89.79591836734694
89.79591836734694
92.51700680272108
89.79591836734694
89.79591836734694
92.51700680272108
89.79591836734694
89.94708994708994
89.94708994708994
89.94708994708994
90.15151515151516
90.15151515151516
94.44444444444444
94.44444444444444
90.15151515151516
94.44444444444444
90.15151515151516
94.44444444444444
90.15151515151516
89.94708994708994
89.94708994708994
89.94708994708994
87.3015873015873
87.3015873015873
89.94708994708994
85.44973544973546
89.94708994708994
87.3015873015873
87.3015873015873
87.3015873015873
87.3015873015873
85.85858585858585
85.85858585858585
81.56565656565657
90.15151515151516
90.15151515151516
87.5
94.44444444444444
88.88888888888889
90.15151515151516
84.84848484848484
80.8080808080808
82.85714285714286
76.36363636363637
82.55528255528255
85.13513513513513
79.97542997542998
84.21052631578947
74.16267942583733
78.94736842105263
82.89473684210526
82.89473684210526
76.55502392344498
78.03203661327231
73.22654462242562
66.36155606407323
67.08074534161491
66.08695652173913
51.150895140664964
43.18181818181818
26.47058823529412
12.032085561497325
5.194805194805195
0.0
40.0
59.863945578231295
70.74829931972789
68.02721088435374
70.74829931972789
73.46938775510205
84.35374149659864
81.63265306122449
84.35374149659864
82.49299719887955
89.6358543417367
89.6358543417367
89.6358543417367
89.6358543417367
85.15406162464986
89.6358543417367
89.6358543417367
89.6358543417367
89.6358543417367
89.6358543417367
85.15406162464986
89.6358543417367
89.6358543417367
89.6358543417367
86.58008658008657
89.6358543417367
89.6358543417367
89.6358543417367
89.6358543417367
89.6358543417367
89.6358543417367
89.6358543417367
89.6358543417367
85.15406162464986
89.6358543417367
89.6358543417367
89.6358543417367
89.6358543417367
89.6358543417367
89.6358543417367
89.6358543417367
86.83473389355743
86.83473389355743
89.6358543417367
85.15406162464986
89.6358543417367
86.83473389355743
