4.47213595499958
2.23606797749979
4.242640687119285
2.8284271247461903
3.605551275463989
2.0
3.605551275463989
3.605551275463989
3.1622776601683795
1.4142135623730951
1.0
1.0
3.605551275463989
1.0
3.1622776601683795
3.1622776601683795
0.0
1.0
1.0
1.0
5.656854249492381
2.23606797749979
1.0
5.0
2.0
0.0
1.0
1.4142135623730951
0.0
1.0
2.0
3.605551275463989
5.385164807134504
5.0
2.0
1.4142135623730951
0.0
0.0
2.0
1.0
2.23606797749979
6.4031242374328485
3.1622776601683795
3.605551275463989
1.4142135623730951
4.242640687119285
1.4142135623730951
6.4031242374328485
2.0
5.830951894845301
6.4031242374328485
1.4142135623730951
1.0
5.385164807134504
6.4031242374328485
10.816653826391969
6.4031242374328485
7.0710678118654755
2.0
5.0
8.602325267042627
7.615773105863909
8.06225774829855
9.219544457292887
7.615773105863909
10.295630140987
6.4031242374328485
3.1622776601683795
8.06225774829855
8.94427190999916
9.433981132056603
9.433981132056603
6.708203932499369
1.4142135623730951
4.47213595499958
1.0
1.0
2.0
5.385164807134504
2.23606797749979
5.0
1.0
1.4142135623730951
5.385164807134504
8.246211251235321
10.770329614269007
12.806248474865697
15.652475842498529
15.652475842498529
10.295630140987
9.219544457292887
5.0
5.656854249492381
3.1622776601683795
7.211102550927978
5.385164807134504
4.123105625617661
3.1622776601683795
1.0
1.0
1.0
2.8284271247461903
1.0
1.0
2.23606797749979
2.23606797749979
2.23606797749979
2.8284271247461903
1.4142135623730951
1.4142135623730951
3.0
1.4142135623730951
1.4142135623730951
3.1622776601683795
2.23606797749979
3.605551275463989
2.23606797749979
1.0
1.0
1.0
3.0
1.4142135623730951
1.4142135623730951
2.8284271247461903
2.0
2.23606797749979
3.605551275463989
4.47213595499958
2.23606797749979
3.0
4.242640687119285
3.1622776601683795
4.47213595499958
4.0
3.0
2.23606797749979
2.23606797749979
6.082762530298219
4.0
3.605551275463989
2.23606797749979
3.0
5.385164807134504
4.123105625617661
3.0
3.1622776601683795
4.47213595499958
2.0
4.47213595499958
4.47213595499958
5.0
5.0
2.0
3.1622776601683795
6.4031242374328485
3.1622776601683795
6.4031242374328485
7.810249675906654
9.848857801796104
9.848857801796104
10.295630140987
6.4031242374328485
6.708203932499369
6.324555320336759
8.94427190999916
6.4031242374328485
5.0
8.94427190999916
9.219544457292887
6.324555320336759
6.708203932499369
4.123105625617661
10.295630140987
8.48528137423857
7.615773105863909
7.211102550927978
8.602325267042627
7.280109889280518
11.661903789690601
11.180339887498949
10.44030650891055
11.180339887498949
10.816653826391969
9.848857801796104
12.206555615733702
12.041594578792296
8.602325267042627
9.433981132056603
10.0
8.48528137423857
8.06225774829855
7.810249675906654
11.313708498984761
12.806248474865697
12.041594578792296
13.892443989449804
19.313207915827967
7.0710678118654755
8.246211251235321
7.615773105863909
6.708203932499369
6.082762530298219
7.0
4.47213595499958
7.0710678118654755
7.280109889280518
7.0710678118654755
5.0990195135927845
7.280109889280518
5.385164807134504
6.708203932499369
7.211102550927978
8.06225774829855
6.4031242374328485
8.06225774829855
6.324555320336759
5.0990195135927845
4.242640687119285
6.324555320336759
5.0990195135927845
2.23606797749979
6.0
5.0
6.082762530298219
6.0
6.0
4.123105625617661
6.0
8.0
7.0710678118654755
7.0
6.082762530298219
5.385164807134504
5.0990195135927845
5.0990195135927845
5.0
7.0710678118654755
3.1622776601683795
7.280109889280518
5.830951894845301
5.0990195135927845
5.0
4.0
6.082762530298219
4.0
8.06225774829855
6.0
5.0
5.0
5.385164807134504
8.54400374531753
5.0990195135927845
6.082762530298219
7.280109889280518
3.0
2.0
4.0
4.47213595499958
7.0710678118654755
5.0
3.605551275463989
5.0990195135927845
6.082762530298219
5.830951894845301
5.830951894845301
6.4031242374328485
6.082762530298219
6.0
3.605551275463989
4.123105625617661
3.1622776601683795
5.0990195135927845
3.1622776601683795
3.0
3.0
5.0990195135927845
4.123105625617661
4.242640687119285
3.1622776601683795
5.0990195135927845
5.0990195135927845
5.0
2.8284271247461903
5.0990195135927845
5.0990195135927845
4.47213595499958
4.123105625617661
3.605551275463989
4.47213595499958
6.0
6.082762530298219
5.0990195135927845
4.123105625617661
5.385164807134504
4.242640687119285
4.47213595499958
6.082762530298219
4.47213595499958
6.4031242374328485
6.4031242374328485
5.656854249492381
5.0
6.4031242374328485
5.0
5.385164807134504
5.385164807134504
4.47213595499958
5.830951894845301
5.385164807134504
4.123105625617661
6.324555320336759
5.385164807134504
4.47213595499958
5.0990195135927845
3.1622776601683795
4.47213595499958
4.123105625617661
4.0
3.0
3.0
4.0
4.0
3.605551275463989
5.0990195135927845
4.0
3.605551275463989
5.0
3.605551275463989
2.8284271247461903
3.605551275463989
3.605551275463989
4.242640687119285
6.708203932499369
2.0
3.0
2.0
2.23606797749979
2.23606797749979
3.1622776601683795
3.605551275463989
3.1622776601683795
3.1622776601683795
4.47213595499958
4.47213595499958
4.47213595499958
3.605551275463989
4.0
5.0
5.385164807134504
7.615773105863909
6.082762530298219
4.0
3.0
6.082762530298219
4.123105625617661
5.385164807134504
5.385164807134504
4.47213595499958
2.0
2.0
3.1622776601683795
21.633307652783937
22.20360331117452
25.45584412271571
28.0178514522438
36.235341863986875
39.05124837953327
35.805027579936315
34.66987164671943
35.805027579936315
33.421549934136806
36.40054944640259
35.608987629529715
