70.58823529411765
85.15406162464986
76.19047619047619
82.49299719887955
90.47619047619048
90.47619047619048
90.47619047619048
95.23809523809523
95.23809523809523
95.23809523809523
95.23809523809523
95.23809523809523
95.23809523809523
95.23809523809523
95.23809523809523
95.23809523809523
95.23809523809523
95.23809523809523
95.23809523809523
95.23809523809523
95.23809523809523
95.23809523809523
92.43697478991596
92.43697478991596
92.43697478991596
95.23809523809523
92.43697478991596
92.43697478991596
90.47619047619048
92.43697478991596
92.43697478991596
92.43697478991596
95.23809523809523
87.81512605042016
92.43697478991596
92.43697478991596
95.23809523809523
92.43697478991596
92.43697478991596
92.51700680272108
92.51700680272108
87.89115646258503
89.79591836734694
89.79591836734694
92.51700680272108
92.51700680272108
87.96296296296296
85.44973544973546
85.44973544973546
95.45454545454545
90.15151515151516
92.8030303030303
88.38383838383838
81.56565656565657
88.38383838383838
90.9090909090909
90.9090909090909
90.9090909090909
85.44973544973546
87.96296296296296
87.96296296296296
80.95238095238095
85.44973544973546
89.94708994708994
95.23809523809523
89.94708994708994
92.5925925925926
92.5925925925926
92.5925925925926
89.94708994708994
97.22222222222221
97.22222222222221
97.22222222222221
92.8030303030303
97.22222222222221
94.44444444444444
88.38383838383838
84.84848484848484
90.15151515151516
90.15151515151516
83.33333333333334
87.27272727272727
82.85714285714286
87.71498771498771
82.55528255528255
82.55528255528255
93.44497607655504
81.57894736842105
86.8421052631579
87.91866028708134
94.73684210526315
89.47368421052632
80.54919908466819
80.54919908466819
72.99771167048054
72.04968944099379
74.53416149068323
72.89002557544757
52.94117647058824
26.737967914438503
12.70053475935829
8.181818181818182
5.194805194805195
52.36363636363636
57.14285714285714
76.19047619047619
76.19047619047619
78.91156462585033
81.63265306122449
84.35374149659864
87.07482993197279
92.51700680272108
82.49299719887955
95.23809523809523
83.19327731092437
87.81512605042016
83.19327731092437
85.71428571428571
92.43697478991596
85.71428571428571
87.81512605042016
87.81512605042016
87.81512605042016
80.67226890756302
87.81512605042016
89.6358543417367
87.81512605042016
84.992784992785
85.15406162464986
82.49299719887955
85.15406162464986
87.81512605042016
85.15406162464986
87.81512605042016
89.6358543417367
85.15406162464986
90.47619047619048
87.81512605042016
89.6358543417367
89.6358543417367
92.43697478991596
78.15126050420169
78.15126050420169
80.67226890756302
73.80952380952381
78.15126050420169
80.67226890756302
73.80952380952381
76.19047619047619
80.67226890756302
