71.25307125307125
88.45208845208846
70.76167076167076
84.9140049140049
82.67942583732057
80.72072072072072
80.72072072072072
80.72072072072072
80.72072072072072
78.81693013768485
78.81693013768485
78.81693013768485
66.94386694386695
80.33264033264034
80.33264033264034
80.33264033264034
80.33264033264034
80.33264033264034
76.83991683991684
71.35135135135135
61.111111111111114
75.42857142857142
77.6470588235294
64.70588235294117
77.6470588235294
77.6470588235294
77.6470588235294
77.6470588235294
74.11764705882352
75.57093425605537
75.57093425605537
75.57093425605537
60.553633217993074
75.57093425605537
73.41176470588235
67.76470588235294
71.15294117647058
71.15294117647058
67.76470588235294
67.76470588235294
69.81818181818181
55.757575757575765
69.81818181818181
72.0
72.0
72.0
72.0
68.99999999999999
72.0
68.99999999999999
57.932850559578675
72.04739960500328
72.04739960500328
66.04344963791968
63.87096774193547
45.69892473118279
50.806451612903224
50.806451612903224
68.8538091969801
66.70212765957446
50.78929306794784
59.464653397391906
51.205673758865245
48.51063829787234
61.44680851063829
45.57971014492754
57.826086956521735
72.69565217391303
52.31884057971015
49.333333333333336
46.666666666666664
46.89655172413793
57.721139430284865
68.8695652173913
56.67166416791605
69.72853998532649
69.72853998532649
65.2299245024022
60.967741935483865
61.31612903225807
50.620347394540936
51.61290322580645
51.61290322580645
53.71955233706386
52.1395655036208
48.97959183673469
34.69387755102041
31.994733377221856
31.994733377221856
50.55957867017775
42.527978933508884
53.71955233706386
53.71955233706386
53.71955233706386
42.527978933508884
53.71955233706386
53.71955233706386
53.71955233706386
53.71955233706386
53.71955233706386
53.71955233706386
53.71955233706386
52.04081632653061
52.04081632653061
52.04081632653061
52.04081632653061
52.04081632653061
53.71955233706386
53.71955233706386
53.71955233706386
54.83870967741935
53.12499999999999
53.12499999999999
53.12499999999999
52.04081632653061
52.04081632653061
50.46382189239332
48.97959183673469
48.97959183673469
48.97959183673469
46.25850340136055
45.333333333333336
45.333333333333336
44.108108108108105
44.108108108108105
44.108108108108105
44.108108108108105
43.24324324324324
43.24324324324324
42.41164241164241
42.76729559748427
41.61142274349821
41.61142274349821
48.46506884242733
47.567567567567565
47.567567567567565
46.7027027027027
46.7027027027027
46.7027027027027
46.7027027027027
46.7027027027027
45.86872586872587
48.0
50.666666666666664
50.666666666666664
50.666666666666664
50.666666666666664
49.76190476190476
49.76190476190476
49.76190476190476
50.666666666666664
50.666666666666664
50.666666666666664
54.857142857142854
51.183673469387756
51.183673469387756
55.83673469387755
51.183673469387756
44.44444444444444
44.44444444444444
44.44444444444444
48.888888888888886
48.888888888888886
48.888888888888886
48.888888888888886
48.888888888888886
48.41698841698842
45.12820512820513
42.75303643724696
42.75303643724696
42.75303643724696
42.0159151193634
42.75303643724696
42.0159151193634
42.0159151193634
43.121597096188744
42.0159151193634
42.0159151193634
42.0159151193634
42.0159151193634
42.0159151193634
42.0159151193634
42.0159151193634
42.0159151193634
42.0159151193634
40.106100795755964
42.0159151193634
42.0159151193634
42.0159151193634
42.0159151193634
42.0159151193634
42.0159151193634
42.0159151193634
38.196286472148536
40.106100795755964
34.37665782493369
22.91777188328912
42.0159151193634
42.0159151193634
42.0159151193634
36.07427055702917
36.07427055702917
36.70715249662618
36.07427055702917
36.70715249662618
36.70715249662618
36.70715249662618
36.70715249662618
36.70715249662618
36.70715249662618
36.70715249662618
36.70715249662618
36.70715249662618
36.70715249662618
38.34586466165414
36.090225563909776
36.090225563909776
36.090225563909776
36.090225563909776
36.090225563909776
32.48120300751879
32.48120300751879
32.48120300751879
32.432432432432435
32.432432432432435
32.432432432432435
32.432432432432435
32.432432432432435
32.432432432432435
32.432432432432435
32.432432432432435
32.432432432432435
32.432432432432435
32.432432432432435
32.432432432432435
32.432432432432435
32.432432432432435
33.04436511983681
35.027027027027025
35.027027027027025
32.69189189189189
32.69189189189189
32.69189189189189
32.69189189189189
32.69189189189189
32.69189189189189
29.05945945945946
29.05945945945946
29.05945945945946
29.05945945945946
29.866666666666667
29.866666666666667
29.866666666666667
31.111111111111107
31.111111111111107
31.111111111111107
31.111111111111107
28.888888888888886
28.888888888888886
28.888888888888886
28.888888888888886
28.888888888888886
30.34650455927052
31.239048811013767
31.239048811013767
31.239048811013767
32.88537549407114
32.88537549407114
32.88537549407114
32.88537549407114
32.88537549407114
29.41414141414141
27.151515151515152
27.151515151515152
27.151515151515152
27.151515151515152
27.151515151515152
27.151515151515152
27.151515151515152
27.999999999999996
27.999999999999996
27.999999999999996
27.999999999999996
28.636363636363637
28.636363636363637
26.25
26.25
26.25
26.25
26.25
26.25
26.25
26.25
26.25
26.86046511627907
26.86046511627907
23.57142857142857
24.33179723502304
25.548387096774192
25.548387096774192
25.548387096774192
25.548387096774192
25.548387096774192
26.203473945409428
26.203473945409428
26.203473945409428
29.010989010989007
25.71428571428571
25.71428571428571
25.71428571428571
25.71428571428571
25.71428571428571
25.71428571428571
25.71428571428571
25.71428571428571
29.1497975708502
25.71428571428571
25.71428571428571
25.71428571428571
27.69230769230769
27.69230769230769
27.69230769230769
27.69230769230769
27.69230769230769
27.69230769230769
27.69230769230769
27.69230769230769
27.69230769230769
27.69230769230769
27.69230769230769
29.1497975708502
29.1497975708502
34.285714285714285
32.91428571428572
34.285714285714285
32.91428571428572
32.91428571428572
34.285714285714285
34.285714285714285
34.285714285714285
34.285714285714285
35.294117647058826
35.294117647058826
35.294117647058826
35.294117647058826
31.764705882352942
31.764705882352942
31.764705882352942
26.470588235294116
26.470588235294116
26.470588235294116
27.27272727272727
27.27272727272727
32.72727272727272
27.27272727272727
32.72727272727272
32.72727272727272
32.72727272727272
32.72727272727272
27.27272727272727
27.27272727272727
0.0
0.0
0
0
0
0
0
0
0
0
0
0
