74.02597402597402
79.88980716253444
93.93939393939394
80.21390374331551
82.88770053475936
91.17647058823529
89.83957219251337
91.17647058823529
94.11764705882352
91.17647058823529
94.11764705882352
94.11764705882352
89.83957219251337
94.11764705882352
94.11764705882352
89.83957219251337
94.11764705882352
85.56149732620321
81.41711229946524
97.05882352941177
94.11764705882352
76.20320855614973
73.66310160427807
91.17647058823529
92.64705882352942
92.64705882352942
92.64705882352942
89.83957219251337
97.05882352941177
79.41176470588235
92.64705882352942
74.59893048128342
9.62566844919786
5.614973262032086
3.7433155080213902
0.0
0.0
0.0
0
0
73.66310160427807
92.64705882352942
92.64705882352942
89.83957219251337
89.83957219251337
92.64705882352942
94.11764705882352
92.64705882352942
92.64705882352942
89.83957219251337
97.05882352941177
89.83957219251337
97.05882352941177
92.64705882352942
95.45454545454545
92.9192546583851
90.1863354037267
78.26086956521739
87.45341614906832
87.45341614906832
90.1863354037267
74.53416149068323
90.1863354037267
73.16770186335404
87.45341614906832
90.1863354037267
87.45341614906832
87.45341614906832
87.45341614906832
87.45341614906832
90.1863354037267
87.45341614906832
90.1863354037267
87.45341614906832
87.45341614906832
87.45341614906832
83.47826086956522
86.08695652173914
83.47826086956522
87.45341614906832
90.33816425120773
77.29468599033817
90.33816425120773
81.98757763975155
81.98757763975155
81.98757763975155
79.5031055900621
75.527950310559
81.98757763975155
92.9192546583851
69.56521739130434
91.30434782608695
86.23188405797102
84.54106280193237
78.01932367149759
80.31400966183575
73.91304347826086
71.85990338164251
67.6328502415459
65.70048309178745
61.59420289855072
59.17874396135265
70.94594594594594
67.0045045045045
63.17567567567568
67.0045045045045
55.74324324324324
53.6036036036036
45.94594594594595
42.11711711711711
33.44594594594595
31.53153153153153
20.394736842105264
20.394736842105264
43.42105263157895
42.21491228070175
46.05263157894737
47.368421052631575
46.05263157894737
49.890350877192986
48.46491228070175
59.210526315789465
61.40350877192983
63.1578947368421
63.1578947368421
68.75
53.68421052631579
72.0
75.78947368421053
71.57894736842105
84.73684210526315
94.76923076923077
83.07692307692308
83.07692307692308
83.07692307692308
83.07692307692308
83.07692307692308
83.07692307692308
83.07692307692308
83.07692307692308
88.9423076923077
92.5
91.34615384615384
83.6923076923077
88.61538461538461
83.6923076923077
86.15384615384616
88.61538461538461
89.64102564102564
83.48717948717949
60.71794871794872
59.07692307692308
53.84615384615385
75.8974358974359
77.94871794871796
89.65384615384616
94.5
95.53846153846153
97.5
91.34615384615384
80.76923076923077
78.46153846153847
87.6923076923077
95.0
93.75
90.0
97.5
82.5
92.07692307692308
92.07692307692308
92.07692307692308
85.38461538461539
85.5
80.38461538461539
91.34615384615384
96.15384615384616
91.34615384615384
96.15384615384616
91.34615384615384
97.5
95.0
96.15384615384616
91.34615384615384
97.5
88.9423076923077
93.75
91.34615384615384
95.0
95.0
91.34615384615384
95.0
95.0
95.0
86.25
91.34615384615384
89.25022583559169
78.04878048780488
89.25022583559169
89.25022583559169
89.25022583559169
85.81752484191509
82.38482384823848
85.81752484191509
81.30081300813008
85.81752484191509
90.62330623306232
80.21680216802169
83.55916892502259
85.81752484191509
80.21680216802169
94.74254742547426
89.7560975609756
89.7560975609756
93.65853658536585
81.95121951219512
81.95121951219512
91.42857142857143
91.42857142857143
91.42857142857143
91.42857142857143
91.42857142857143
91.42857142857143
69.84126984126983
39.8671096345515
26.910299003322258
18.181818181818183
20.229885057471265
24.137931034482758
19.846743295019156
8.735632183908045
0
0
0
0
68.77076411960132
86.11295681063122
80.1948051948052
76.87356321839081
83.86206896551722
90.85057471264366
80.1948051948052
80.1948051948052
80.1948051948052
88.83116883116882
88.83116883116882
80.1948051948052
77.1103896103896
80.1948051948052
72.79693486590038
90.85057471264366
90.85057471264366
95.63218390804596
95.63218390804596
69.88505747126436
95.63218390804596
81.15942028985508
81.15942028985508
83.18840579710145
85.21739130434783
83.40425531914893
83.40425531914893
83.40425531914893
90.49645390070921
88.70967741935483
85.75268817204301
72.32142857142857
84.18367346938776
82.2704081632653
84.18367346938776
84.18367346938776
84.18367346938776
84.18367346938776
84.18367346938776
84.375
86.25
84.375
86.25
86.25
75.81699346405229
84.72964943553178
84.72964943553178
84.72964943553178
84.72964943553178
86.87782805429865
86.87782805429865
86.87782805429865
86.87782805429865
86.87782805429865
87.3015873015873
89.94708994708994
89.94708994708994
87.3015873015873
89.14285714285714
74.8051948051948
89.14285714285714
90.07792207792208
91.84415584415584
81.84523809523809
92.85714285714286
79.36507936507937
92.85714285714286
88.7624466571835
79.80085348506401
90.46941678520626
79.80085348506401
87.95637743006164
79.80085348506401
82.57713248638838
94.01088929219601
84.93647912885662
94.01088929219601
88.2032667876588
84.61538461538461
91.7094017094017
90.94017094017094
92.56410256410257
89.50819672131148
91.80327868852459
93.44262295081968
93.44262295081968
95.08196721311475
89.50819672131148
89.4672131147541
87.57259001161441
91.3666279519938
89.81804103755323
91.46341463414635
94.51219512195121
92.98780487804879
91.46341463414635
91.46341463414635
91.46341463414635
92.98780487804879
91.46341463414635
92.98780487804879
86.20426829268293
91.46341463414635
88.41463414634147
89.9390243902439
86.20426829268293
91.46341463414635
86.20426829268293
91.3666279519938
91.3666279519938
92.91521486643438
93.61207897793264
92.91521486643438
93.61207897793264
92.10220673635308
91.3666279519938
96.01238869531552
90.59233449477352
96.01238869531552
91.46341463414635
94.51219512195121
92.98780487804879
91.46341463414635
97.5609756097561
94.51219512195121
97.5609756097561
95.1219512195122
97.5609756097561
93.63567073170732
92.3076923076923
98.30508474576271
98.30508474576271
95.84745762711864
98.30508474576271
98.30508474576271
98.30508474576271
98.30508474576271
98.30508474576271
98.30508474576271
98.30508474576271
95.84745762711864
98.30508474576271
95.84745762711864
98.30508474576271
98.30508474576271
98.30508474576271
98.30508474576271
97.5
97.5
100.0
97.43589743589743
97.43589743589743
97.43589743589743
97.43589743589743
94.07603890362512
95.72649572649573
90.5982905982906
98.24561403508771
98.24561403508771
98.21428571428571
96.42857142857143
98.21428571428571
100.0
100.0
98.21428571428571
95.55984555984556
