366,206,32,54
368,207,31,53
367,205,31,53
368,206,31,52
367,205,31,52
370,207,30,51
372,208,30,51
371,206,30,51
372,208,30,50
373,209,29,49
373,210,29,49
374,211,29,49
373,210,29,49
373,211,29,48
372,210,29,48
375,213,28,47
376,214,28,47
375,214,28,47
377,215,28,47
374,214,27,46
376,215,27,46
375,215,27,46
376,215,27,46
375,212,27,45
377,215,26,45
377,213,26,44
378,213,26,44
378,211,26,44
378,210,26,44
377,207,26,43
377,206,26,43
375,205,25,43
377,207,25,42
376,205,25,42
375,204,25,42
375,203,25,42
374,200,24,41
373,199,24,41
372,198,24,41
371,197,24,41
374,199,24,40
373,200,24,40
372,198,23,40
372,198,23,39
373,197,23,39
372,198,23,39
375,200,23,38
374,198,23,39
376,200,22,38
378,199,22,38
378,199,22,38
379,197,22,37
382,199,22,37
384,197,22,37
386,196,22,36
387,198,21,36
389,197,21,36
391,194,21,35
392,194,21,35
394,193,21,35
392,191,21,35
393,193,21,36
395,192,21,36
396,191,21,36
399,191,21,35
401,191,21,35
403,192,21,36
405,191,21,36
407,191,21,36
409,190,21,36
411,191,21,36
416,191,21,35
422,193,20,35
423,191,21,35
425,191,21,35
429,193,20,34
435,196,20,34
439,196,20,34
442,194,20,33
444,194,20,33
448,196,19,33
449,194,19,33
450,194,19,33
452,195,19,33
453,196,19,32
454,197,19,33
459,198,19,32
469,197,19,32
479,207,18,31
483,209,19,32
486,207,19,32
488,205,19,32
491,203,19,32
496,204,19,32
499,204,19,32
503,205,19,32
504,204,19,32
506,204,19,32
509,205,19,32
512,206,19,32
514,206,19,32
514,204,19,32
516,205,19,32
518,205,19,32
520,204,19,31
522,206,19,32
524,205,19,31
524,204,19,32
528,205,18,31
527,205,19,32
529,206,19,32
531,207,19,32
533,208,19,32
535,207,19,32
535,206,19,33
537,207,19,33
539,206,19,33
541,207,19,33
543,205,19,33
545,205,19,33
547,205,19,33
548,203,19,33
550,204,19,33
552,203,19,33
554,203,19,33
555,202,19,33
556,203,19,33
558,203,19,33
559,204,19,33
560,204,20,34
561,202,20,33
562,205,20,34
563,203,20,33
562,204,20,34
563,205,20,34
562,204,20,34
563,205,20,34
562,206,20,34
560,205,21,35
559,204,21,35
559,205,21,35
559,206,21,35
558,206,21,35
556,207,21,36
555,208,21,36
553,209,21,36
552,210,22,37
550,210,22,37
549,212,22,37
547,211,22,38
542,209,22,38
538,210,23,38
536,207,23,39
534,209,22,38
528,206,23,38
523,205,23,38
518,203,23,39
513,202,23,38
507,201,23,38
502,200,22,38
497,200,22,38
491,200,22,38
486,199,22,37
481,199,22,37
476,199,22,38
471,198,22,37
467,200,22,38
462,201,22,38
458,203,22,38
453,201,23,38
452,204,22,38
447,202,22,38
444,203,22,38
440,205,22,38
438,206,22,38
433,205,22,37
431,206,22,37
429,207,22,37
423,206,22,38
420,206,22,37
417,207,22,37
413,208,22,37
409,209,22,37
405,212,21,36
401,212,22,37
396,211,22,37
392,211,22,37
387,212,22,37
383,212,22,37
379,213,22,37
374,211,22,37
369,211,22,37
365,212,22,37
359,211,21,36
356,212,22,37
351,213,22,37
341,213,22,37
339,212,22,37
338,213,22,37
335,215,21,36
332,213,22,37
329,215,21,36
326,213,22,37
323,215,21,36
322,214,21,36
320,214,21,36
318,212,21,35
316,212,21,35
314,211,21,35
313,213,20,34
312,213,20,34
311,212,20,34
310,211,20,34
309,211,20,34
308,212,20,34
308,213,20,34
307,210,20,33
307,212,19,33
306,210,19,33
305,209,19,32
307,210,19,32
306,208,19,32
305,207,19,32
307,207,18,31
306,206,18,31
305,205,18,31
307,207,18,31
307,207,18,30
307,207,18,30
306,208,18,30
308,210,18,30
307,208,18,30
308,211,18,30
309,212,18,30
309,213,18,30
309,213,18,30
309,214,18,30
309,215,18,30
309,214,18,30
310,215,18,30
310,216,17,30
312,215,17,29
312,215,17,29
312,214,17,29
313,215,17,29
313,215,17,29
315,216,17,29
315,217,17,29
315,217,17,29
315,217,17,29
313,216,17,29
314,217,17,29
315,219,17,28
316,220,17,28
318,221,16,28
319,221,16,28
320,220,16,28
322,220,16,27
323,219,16,27
324,219,16,27
325,220,16,27
324,217,16,27
325,218,16,26
327,220,15,26
328,218,15,26
327,215,15,26
328,216,15,26
331,217,15,25
331,214,15,26
332,215,15,25
334,213,15,25
336,213,15,25
339,214,14,25
340,211,15,25
343,212,14,24
347,214,14,24
350,213,14,24
351,214,14,24
354,213,14,24
355,212,14,24
359,213,14,23
360,212,14,24
363,212,14,23
364,212,14,23
367,213,13,23
369,214,13,23
370,214,13,23
371,214,13,23
373,214,13,23
374,213,13,22
377,215,13,22
378,215,13,22
379,216,13,22
380,215,13,22
381,215,13,22
382,215,13,22
383,214,13,22
386,216,13,22
387,217,13,22
388,216,13,22
388,217,13,22
387,215,13,22
388,217,13,22
389,217,13,22
390,218,13,22
389,219,13,22
392,219,13,21
390,219,13,22
393,220,13,21
394,221,13,21
393,219,13,22
395,220,13,21
396,220,12,21
397,219,12,21
398,219,12,21
399,219,12,21
400,218,12,21
400,218,12,21
401,217,12,21
404,219,12,20
403,217,12,21
404,216,12,20
407,218,12,20
408,218,12,20
407,216,12,20
409,217,12,20
408,215,12,20
409,214,12,20
411,216,12,20
410,215,12,20
411,216,12,20
410,213,12,20
409,213,12,20
412,214,12,20
413,215,11,19
413,214,11,19
412,213,11,20
413,213,11,19
412,211,11,19
411,210,11,19
411,209,11,19
410,208,11,19
409,208,11,19
408,208,11,19
408,208,11,19
407,208,11,19
408,209,11,19
407,209,11,19
407,209,11,19
406,209,11,19
405,209,11,19
405,211,11,18
404,211,11,19
402,210,11,19
402,210,11,19
399,209,11,19
398,209,11,19
397,209,11,19
398,210,11,19
398,211,11,19
397,212,11,19
396,215,11,18
395,216,11,18
392,217,11,19
391,217,11,19
391,218,11,19
392,219,11,19
393,219,11,18
394,222,11,18
395,223,11,18
394,223,11,19
393,222,11,19
393,222,11,19