2.23606797749979
0.0
1.4142135623730951
0.0
1.0
1.0
0.0
0.0
1.4142135623730951
0.0
1.0
1.0
1.4142135623730951
2.0
1.4142135623730951
1.4142135623730951
1.0
1.0
1.4142135623730951
0.0
1.0
3.1622776601683795
1.0
1.0
1.4142135623730951
0.0
0.0
0.0
1.4142135623730951
3.605551275463989
5.0990195135927845
8.06225774829855
14.866068747318506
32.202484376209235
31.400636936215164
29.732137494637012
31.144823004794873
31.144823004794873
31.827660925679098
32.526911934581186
5.0
1.0
1.0
0.0
1.0
0.0
1.0
1.0
1.4142135623730951
1.0
0.0
1.4142135623730951
0.0
3.605551275463989
4.242640687119285
2.23606797749979
0.0
1.0
1.0
1.0
0.0
4.47213595499958
0.0
3.605551275463989
1.4142135623730951
0.0
0.0
0.0
1.4142135623730951
1.0
1.0
0.0
0.0
0.0
0.0
1.4142135623730951
0.0
0.0
1.0
4.123105625617661
1.4142135623730951
0.0
2.8284271247461903
3.0
3.1622776601683795
2.23606797749979
2.0
3.1622776601683795
3.0
2.0
5.385164807134504
2.23606797749979
5.385164807134504
3.1622776601683795
7.280109889280518
5.0990195135927845
6.0
6.082762530298219
7.0710678118654755
8.0
8.0
9.0
6.0
7.0710678118654755
6.082762530298219
7.0
9.055385138137417
10.04987562112089
12.0
13.0
15.033296378372908
15.033296378372908
13.0
13.038404810405298
14.0
13.0
12.0
11.045361017187261
11.045361017187261
11.180339887498949
10.04987562112089
8.54400374531753
8.246211251235321
7.211102550927978
7.280109889280518
6.4031242374328485
3.605551275463989
3.1622776601683795
4.123105625617661
4.123105625617661
3.1622776601683795
2.23606797749979
0.0
1.4142135623730951
1.0
1.4142135623730951
1.0
2.23606797749979
1.4142135623730951
2.0
1.0
0.0
2.23606797749979
1.0
0.0
2.0
0.0
1.4142135623730951
1.0
4.0
9.433981132056603
10.295630140987
10.295630140987
9.433981132056603
5.0
4.0
4.123105625617661
3.605551275463989
1.0
1.0
3.605551275463989
4.242640687119285
1.4142135623730951
2.0
2.0
3.0
2.23606797749979
3.0
4.123105625617661
5.0990195135927845
5.0
6.082762530298219
6.0
4.123105625617661
3.1622776601683795
1.0
0.0
1.0
0.0
3.1622776601683795
1.0
1.0
1.4142135623730951
1.0
2.23606797749979
1.0
1.0
2.0
1.0
2.0
1.4142135623730951
0.0
1.4142135623730951
1.4142135623730951
1.0
1.0
2.23606797749979
0.0
1.0
1.4142135623730951
1.4142135623730951
2.0
1.4142135623730951
2.23606797749979
2.23606797749979
4.47213595499958
3.0
2.0
5.830951894845301
1.0
4.47213595499958
2.23606797749979
2.23606797749979
1.4142135623730951
4.47213595499958
2.23606797749979
1.4142135623730951
1.4142135623730951
1.0
1.4142135623730951
1.4142135623730951
2.23606797749979
3.1622776601683795
11.180339887498949
17.204650534085253
19.72308292331602
17.46424919657298
15.132745950421556
19.0
23.0
30.066592756745816
29.017236257093817
31.016124838541646
34.0147027033899
3.0
3.605551275463989
5.830951894845301
8.54400374531753
3.1622776601683795
1.0
1.0
0.0
2.0
1.4142135623730951
3.1622776601683795
2.0
1.0
1.0
3.1622776601683795
1.4142135623730951
1.0
1.4142135623730951
1.4142135623730951
1.4142135623730951
3.605551275463989
3.605551275463989
0.0
1.0
4.123105625617661
0.0
1.0
1.0
1.4142135623730951
1.0
3.1622776601683795
2.8284271247461903
0.0
1.4142135623730951
1.0
1.0
1.0
1.0
3.605551275463989
3.605551275463989
0.0
0.0
3.605551275463989
1.0
1.0
1.0
0.0
1.4142135623730951
2.8284271247461903
2.23606797749979
1.0
0.0
2.23606797749979
2.8284271247461903
3.1622776601683795
1.0
0.0
1.4142135623730951
1.4142135623730951
3.605551275463989
1.4142135623730951
3.605551275463989
1.4142135623730951
1.0
2.23606797749979
0.0
2.23606797749979
2.8284271247461903
1.4142135623730951
2.8284271247461903
1.0
3.605551275463989
1.0
6.4031242374328485
3.0
2.0
1.4142135623730951
2.23606797749979
5.656854249492381
2.0
1.4142135623730951
0.0
0.0
1.0
1.0
1.4142135623730951
1.0
2.8284271247461903
2.23606797749979
1.4142135623730951
0.0
1.0
2.0
1.4142135623730951
1.0
1.0
1.0
0.0
1.0
0.0
1.0
2.8284271247461903
1.0
1.4142135623730951
1.4142135623730951
2.8284271247461903
1.0
2.23606797749979
0.0
3.605551275463989
1.4142135623730951
1.4142135623730951
4.47213595499958
1.0
2.23606797749979
1.0
1.0
1.0
3.605551275463989
2.8284271247461903
1.0
1.4142135623730951
2.0
2.23606797749979
1.0
1.4142135623730951
4.47213595499958
3.605551275463989
4.123105625617661
4.47213595499958
5.385164807134504
5.0990195135927845
5.0990195135927845
5.385164807134504
4.47213595499958
4.47213595499958
5.0
6.324555320336759
2.23606797749979
7.211102550927978
5.0990195135927845
4.0
5.385164807134504
5.0
4.123105625617661
4.123105625617661
3.0
4.123105625617661
5.0
2.23606797749979
1.4142135623730951
3.1622776601683795
1.0
1.4142135623730951
2.0
1.4142135623730951
4.123105625617661
2.23606797749979
5.385164807134504
1.4142135623730951
2.8284271247461903
5.0990195135927845
1.0
0.0
1.0
1.0
