2.0
1.0
2.0
2.0
2.0
2.0
2.23606797749979
2.23606797749979
1.4142135623730951
3.1622776601683795
1.4142135623730951
2.0
1.4142135623730951
1.4142135623730951
1.4142135623730951
1.4142135623730951
2.0
2.23606797749979
2.0
2.0
2.23606797749979
2.0
2.23606797749979
2.0
2.23606797749979
2.0
1.4142135623730951
3.1622776601683795
1.0
3.0
1.0
2.23606797749979
1.0
2.0
2.0
2.0
2.0
2.0
2.23606797749979
2.0
1.4142135623730951
1.4142135623730951
2.23606797749979
1.0
1.0
1.4142135623730951
1.0
2.0
1.0
1.0
1.4142135623730951
1.0
1.0
2.0
1.0
0.0
1.0
1.0
1.0
2.0
1.0
3.1622776601683795
2.23606797749979
2.23606797749979
3.605551275463989
2.23606797749979
2.23606797749979
2.23606797749979
2.23606797749979
3.1622776601683795
2.23606797749979
2.8284271247461903
3.605551275463989
2.23606797749979
3.1622776601683795
2.23606797749979
0.0
2.23606797749979
2.23606797749979
2.8284271247461903
1.0
4.123105625617661
4.242640687119285
2.23606797749979
2.0
4.0
6.0
6.324555320336759
4.47213595499958
3.1622776601683795
2.8284271247461903
4.47213595499958
5.830951894845301
5.385164807134504
8.246211251235321
6.324555320336759
6.4031242374328485
7.0710678118654755
13.0
24.186773244895647
29.274562336608895
32.14031735997639
31.25699921617557
18.027756377319946
13.038404810405298
7.0
7.0710678118654755
6.324555320336759
6.324555320336759
3.605551275463989
4.47213595499958
2.23606797749979
3.605551275463989
1.4142135623730951
3.1622776601683795
1.4142135623730951
3.1622776601683795
2.0
1.0
2.0
2.0
2.23606797749979
1.4142135623730951
2.0
2.0
1.0
1.0
2.0
3.1622776601683795
2.23606797749979
2.23606797749979
2.0
2.23606797749979
2.23606797749979
2.0
2.23606797749979
2.0
2.0
2.23606797749979
1.4142135623730951
2.0
2.23606797749979
2.0
1.0
3.1622776601683795
2.8284271247461903
2.0
2.8284271247461903
2.0
2.0
