85.71428571428571
90.47619047619048
85.71428571428571
85.71428571428571
85.71428571428571
85.71428571428571
85.71428571428571
85.71428571428571
95.23809523809523
80.95238095238095
95.23809523809523
90.47619047619048
95.23809523809523
95.23809523809523
95.23809523809523
95.23809523809523
95.23809523809523
95.23809523809523
95.23809523809523
95.23809523809523
95.23809523809523
95.23809523809523
95.23809523809523
95.23809523809523
95.23809523809523
95.23809523809523
95.23809523809523
92.43697478991596
95.23809523809523
92.43697478991596
95.23809523809523
95.23809523809523
95.23809523809523
95.23809523809523
95.23809523809523
95.23809523809523
95.23809523809523
95.23809523809523
95.23809523809523
92.51700680272108
92.51700680272108
92.51700680272108
92.51700680272108
92.51700680272108
92.51700680272108
92.51700680272108
95.23809523809523
92.5925925925926
95.23809523809523
100.0
95.45454545454545
100.0
100.0
90.9090909090909
100.0
100.0
100.0
100.0
95.23809523809523
92.5925925925926
95.23809523809523
89.94708994708994
92.5925925925926
90.47619047619048
85.71428571428571
95.23809523809523
92.5925925925926
90.47619047619048
95.23809523809523
89.94708994708994
90.9090909090909
88.38383838383838
86.36363636363636
90.9090909090909
86.36363636363636
90.9090909090909
100.0
88.38383838383838
85.85858585858585
81.56565656565657
88.38383838383838
80.51948051948052
74.8051948051948
81.6953316953317
94.5945945945946
89.1891891891892
84.21052631578947
76.55502392344498
81.3397129186603
87.91866028708134
88.51674641148325
81.3397129186603
73.91304347826086
75.51487414187643
68.64988558352402
74.53416149068323
63.35403726708074
61.38107416879796
54.54545454545454
30.481283422459892
16.844919786096256
9.87012987012987
11.688311688311687
51.81818181818182
62.585034013605444
78.91156462585033
78.91156462585033
71.0204081632653
71.0204081632653
78.36734693877551
75.91836734693878
85.3061224489796
78.57142857142857
90.47619047619048
80.95238095238095
90.47619047619048
80.95238095238095
85.71428571428571
90.47619047619048
85.71428571428571
85.71428571428571
83.19327731092437
87.81512605042016
85.71428571428571
85.71428571428571
85.71428571428571
90.47619047619048
78.4992784992785
73.94957983193278
78.57142857142857
76.19047619047619
80.95238095238095
78.57142857142857
85.15406162464986
80.95238095238095
76.19047619047619
80.95238095238095
80.95238095238095
78.57142857142857
80.67226890756302
80.95238095238095
76.19047619047619
80.95238095238095
85.71428571428571
71.70868347338936
73.80952380952381
76.19047619047619
73.80952380952381
76.19047619047619
76.19047619047619
