82.25108225108225
88.1542699724518
89.6694214876033
94.11764705882352
94.11764705882352
94.11764705882352
100.0
100.0
92.64705882352942
100.0
94.11764705882352
94.11764705882352
89.83957219251337
91.17647058823529
89.83957219251337
92.64705882352942
97.05882352941177
95.45454545454545
92.64705882352942
100.0
97.05882352941177
81.28342245989305
95.45454545454545
97.05882352941177
92.64705882352942
100.0
100.0
100.0
89.83957219251337
81.28342245989305
78.6096256684492
62.56684491978609
33.82352941176471
2.807486631016043
3.2085561497326207
0
1.3368983957219251
1.3368983957219251
0.0
0
72.19251336898395
95.45454545454545
94.11764705882352
100.0
97.05882352941177
100.0
97.05882352941177
95.45454545454545
92.64705882352942
95.45454545454545
100.0
92.64705882352942
100.0
81.28342245989305
78.7433155080214
81.98757763975155
92.9192546583851
90.1863354037267
88.69565217391305
88.69565217391305
92.9192546583851
74.53416149068323
92.9192546583851
75.527950310559
86.08695652173914
92.9192546583851
92.9192546583851
92.9192546583851
86.08695652173914
88.69565217391305
90.1863354037267
92.9192546583851
92.9192546583851
92.9192546583851
92.9192546583851
86.08695652173914
92.9192546583851
92.9192546583851
88.69565217391305
76.0248447204969
86.23188405797102
95.65217391304348
79.71014492753623
80.24844720496894
77.88819875776397
81.98757763975155
84.472049689441
80.24844720496894
80.24844720496894
90.1863354037267
73.91304347826086
88.76811594202898
73.91304347826086
84.54106280193237
65.70048309178745
76.08695652173914
73.91304347826086
71.85990338164251
67.6328502415459
65.21739130434783
65.21739130434783
60.86956521739131
72.97297297297297
67.0045045045045
70.94594594594594
68.91891891891892
59.12162162162162
55.18018018018018
48.64864864864865
44.5945945945946
35.47297297297297
35.47297297297297
43.42105263157895
43.42105263157895
39.473684210526315
43.42105263157895
47.368421052631575
47.368421052631575
47.368421052631575
44.73684210526316
48.46491228070175
54.276315789473685
55.92105263157895
62.5
59.64912280701754
64.58333333333334
71.57894736842105
71.57894736842105
68.0
68.0
76.42105263157895
81.23076923076923
83.07692307692308
83.07692307692308
83.07692307692308
83.07692307692308
83.07692307692308
83.07692307692308
83.07692307692308
83.07692307692308
87.6923076923077
87.6923076923077
79.61538461538461
89.64102564102564
93.53846153846153
88.61538461538461
93.53846153846153
87.28205128205128
91.07692307692308
77.94871794871796
57.53846153846154
55.794871794871796
55.794871794871796
59.282051282051285
75.38461538461539
80.38461538461539
80.38461538461539
93.92307692307692
95.0
97.5
81.82692307692308
79.61538461538461
93.75
92.3076923076923
92.3076923076923
88.46153846153845
90.0
88.46153846153845
82.5
94.5
80.76923076923077
90.0
76.92307692307693
82.5
86.25
97.5
100.0
97.5
100.0
84.03846153846153
91.34615384615384
95.0
91.34615384615384
95.0
90.0
95.0
95.0
92.5
97.5
92.5
91.34615384615384
95.0
91.34615384615384
87.6923076923077
87.6923076923077
85.81752484191509
78.95212285456188
89.25022583559169
89.25022583559169
85.81752484191509
85.81752484191509
82.38482384823848
85.81752484191509
94.74254742547426
78.95212285456188
73.53206865401988
90.62330623306232
94.74254742547426
65.04065040650406
82.38482384823848
70.18970189701898
94.74254742547426
89.7560975609756
93.65853658536585
70.18970189701898
89.7560975609756
91.42857142857143
91.42857142857143
91.42857142857143
91.42857142857143
91.42857142857143
73.01587301587301
69.84126984126983
45.182724252491695
28.903654485049834
21.915584415584416
24.82758620689655
32.03065134099617
20.383141762452105
8.735632183908045
0
0
0
0
72.59136212624585
76.82724252491694
67.85714285714286
56.7816091954023
83.86206896551722
90.85057471264366
88.83116883116882
88.83116883116882
88.83116883116882
88.83116883116882
74.02597402597402
88.83116883116882
88.83116883116882
88.83116883116882
75.70881226053639
95.63218390804596
95.63218390804596
95.63218390804596
95.63218390804596
95.63218390804596
73.5632183908046
72.46376811594203
94.95652173913042
85.21739130434783
81.15942028985508
83.40425531914893
83.40425531914893
83.40425531914893
87.3758865248227
82.79569892473118
80.91397849462365
94.28571428571428
94.28571428571428
84.18367346938776
84.18367346938776
84.18367346938776
84.18367346938776
94.28571428571428
80.35714285714286
77.0
86.25
86.25
81.5625
86.25
81.99643493761141
81.99643493761141
81.99643493761141
81.99643493761141
83.77896613190731
93.66515837104072
86.87782805429865
86.87782805429865
86.87782805429865
85.91628959276018
76.19047619047619
84.65608465608466
84.65608465608466
84.65608465608466
89.14285714285714
77.92207792207793
89.14285714285714
80.51948051948052
89.14285714285714
87.6984126984127
85.11904761904762
91.07142857142857
85.11904761904762
82.9302987197724
89.61593172119487
82.9302987197724
92.17638691322901
82.9302987197724
92.17638691322901
75.49909255898368
83.30308529945553
88.92921960072596
91.47005444646098
89.83666061705989
76.15384615384615
83.76068376068376
91.7094017094017
94.18803418803418
90.32786885245902
90.32786885245902
90.32786885245902
90.32786885245902
90.32786885245902
90.32786885245902
91.88524590163935
90.59233449477352
92.91521486643438
92.91521486643438
89.78658536585365
92.14939024390245
94.51219512195121
94.51219512195121
92.14939024390245
94.51219512195121
94.51219512195121
94.51219512195121
94.51219512195121
86.89024390243902
94.51219512195121
89.17682926829268
92.14939024390245
86.89024390243902
94.51219512195121
86.89024390243902
92.91521486643438
84.51413085559427
92.10220673635308
92.10220673635308
89.08246225319397
93.61207897793264
89.7406116918312
94.46380178087496
96.01238869531552
96.01238869531552
90.59233449477352
93.63567073170732
97.5609756097561
97.5609756097561
96.03658536585365
97.5609756097561
97.5609756097561
97.5609756097561
92.6829268292683
97.5609756097561
95.1219512195122
96.92307692307692
93.38983050847457
93.38983050847457
93.38983050847457
93.38983050847457
98.30508474576271
98.30508474576271
98.30508474576271
98.30508474576271
98.30508474576271
93.38983050847457
95.84745762711864
95.84745762711864
95.84745762711864
95.84745762711864
95.84745762711864
98.30508474576271
98.30508474576271
97.5
97.5
100.0
97.43589743589743
97.43589743589743
97.43589743589743
97.43589743589743
97.43589743589743
95.72649572649573
95.72649572649573
98.24561403508771
96.49122807017544
100.0
97.36842105263158
96.42857142857143
100.0
100.0
100.0
97.2972972972973
