1.0
2.8284271247461903
2.23606797749979
2.23606797749979
2.23606797749979
2.8284271247461903
1.4142135623730951
2.8284271247461903
2.23606797749979
2.8284271247461903
2.23606797749979
2.8284271247461903
2.8284271247461903
2.23606797749979
3.1622776601683795
2.8284271247461903
0.0
0.0
0.0
0.0
0.0
0.0
0.0
0.0
0.0
0.0
0.0
0.0
0.0
0.0
0.0
0.0
0.0
0.0
0.0
0.0
0.0
0.0
0.0
0.0
0.0
0.0
0.0
0.0
0.0
0.0
0.0
0.0
0.0
0.0
0.0
1.0
1.0
3.0
2.0
2.0
3.0
3.0
0.0
0.0
1.0
0.0
0.0
1.0
1.0
0.0
0.0
0.0
0.0
0.0
0.0
0.0
0.0
0.0
0.0
0.0
2.0
0.0
1.0
1.0
3.605551275463989
2.0
3.0
0.0
1.0
2.0
2.0
3.0
1.0
1.0
1.0
2.0
4.0
2.0
5.0
4.0
2.0
0.0
0.0
27.018512172212592
29.068883707497267
32.0
33.0
16.0
11.0
5.0
5.0
5.0
5.0
2.0
2.0
1.0
1.0
0.0
0.0
0.0
0.0
0.0
0.0
0.0
0.0
0.0
0.0
0.0
0.0
0.0
0.0
0.0
0.0
0.0
0.0
0.0
0.0
0.0
0.0
0.0
0.0
0.0
0.0
0.0
0.0
0.0
0.0
0.0
0.0
0.0
0.0
0.0
0.0
0.0
