2.0
0.0
1.0
1.0
1.0
1.0
0.0
1.0
1.4142135623730951
1.0
1.0
0.0
2.0
1.0
1.0
1.4142135623730951
0.0
1.0
1.4142135623730951
1.0
1.4142135623730951
1.0
0.0
1.0
1.0
0.0
1.0
1.0
0.0
3.605551275463989
4.47213595499958
7.810249675906654
12.206555615733702
18.867962264113206
33.421549934136806
33.301651610693426
31.827660925679098
31.827660925679098
31.827660925679098
7.211102550927978
5.0
1.0
1.0
1.0
1.4142135623730951
1.4142135623730951
1.0
1.4142135623730951
1.4142135623730951
1.0
1.0
1.4142135623730951
1.4142135623730951
1.0
3.605551275463989
2.23606797749979
1.0
0.0
0.0
1.0
0.0
1.0
0.0
0.0
1.0
0.0
1.0
1.0
1.0
0.0
1.0
0.0
1.0
1.0
0.0
0.0
1.0
1.0
0.0
1.4142135623730951
2.23606797749979
1.4142135623730951
1.0
2.0
3.0
3.0
2.23606797749979
3.1622776601683795
2.23606797749979
2.0
1.0
2.23606797749979
2.0
3.1622776601683795
4.0
4.123105625617661
5.0990195135927845
6.082762530298219
7.0710678118654755
7.0
8.06225774829855
9.055385138137417
6.0
6.0
7.0710678118654755
7.0710678118654755
7.0710678118654755
10.0
12.041594578792296
13.038404810405298
14.035668847618199
15.0
16.492422502470642
12.041594578792296
13.038404810405298
13.0
12.0
12.165525060596439
12.0
11.045361017187261
11.045361017187261
9.055385138137417
8.246211251235321
8.06225774829855
8.06225774829855
7.0710678118654755
4.123105625617661
3.1622776601683795
3.0
3.1622776601683795
4.0
5.830951894845301
4.123105625617661
1.0
0.0
1.0
1.0
1.0
0.0
1.4142135623730951
1.4142135623730951
1.4142135623730951
1.0
1.4142135623730951
1.0
1.0
1.0
0.0
0.0
1.0
1.4142135623730951
0.0
0.0
1.0
1.0
5.0990195135927845
5.0990195135927845
6.082762530298219
1.0
1.0
1.0
0.0
1.0
2.23606797749979
3.1622776601683795
4.0
2.8284271247461903
4.0
5.0
6.0
6.082762530298219
6.0
7.280109889280518
4.0
4.0
1.4142135623730951
1.0
1.4142135623730951
1.4142135623730951
1.0
0.0
1.4142135623730951
1.4142135623730951
1.0
1.0
2.23606797749979
1.4142135623730951
1.0
1.0
1.4142135623730951
1.0
1.4142135623730951
1.0
1.4142135623730951
1.4142135623730951
1.0
1.0
0.0
0.0
1.0
1.0
2.23606797749979
1.0
1.4142135623730951
2.0
2.23606797749979
2.0
2.23606797749979
2.0
1.0
1.4142135623730951
1.4142135623730951
2.0
1.0
1.4142135623730951
2.0
2.23606797749979
2.0
2.23606797749979
2.23606797749979
3.1622776601683795
1.0
2.23606797749979
12.206555615733702
15.620499351813308
13.416407864998739
8.06225774829855
12.041594578792296
17.029386365926403
22.02271554554524
26.0
27.073972741361768
30.01666203960727
35.0
1.0
1.0
2.0
6.0
5.0
2.23606797749979
4.242640687119285
1.0
0.0
1.4142135623730951
0.0
1.0
1.0
1.0
2.8284271247461903
1.0
1.0
0.0
0.0
1.4142135623730951
1.0
1.0
0.0
1.0
1.0
1.4142135623730951
1.0
1.0
1.4142135623730951
0.0
3.605551275463989
1.4142135623730951
1.0
2.23606797749979
2.0
2.0
2.23606797749979
2.0
2.0
3.605551275463989
2.23606797749979
1.0
1.0
1.4142135623730951
1.0
0.0
1.0
0.0
1.0
1.4142135623730951
1.0
1.4142135623730951
1.4142135623730951
0.0
1.0
0.0
0.0
0.0
0.0
1.4142135623730951
1.0
1.0
1.4142135623730951
0.0
1.0
1.0
1.0
1.0
0.0
2.0
0.0
1.4142135623730951
1.0
1.0
0.0
1.4142135623730951
1.4142135623730951
1.4142135623730951
1.0
1.0
0.0
0.0
4.242640687119285
1.0
1.0
0.0
1.0
1.4142135623730951
2.0
1.0
0.0
1.0
2.8284271247461903
3.1622776601683795
2.8284271247461903
0.0
0.0
1.0
1.0
1.0
1.0
1.0
0.0
0.0
1.0
1.0
0.0
1.0
0.0
1.0
1.4142135623730951
0.0
1.0
0.0
1.4142135623730951
1.4142135623730951
1.0
1.4142135623730951
0.0
0.0
0.0
0.0
1.0
1.0
0.0
1.0
1.0
1.4142135623730951
2.23606797749979
2.23606797749979
1.0
1.4142135623730951
2.23606797749979
3.0
3.605551275463989
3.0
2.8284271247461903
4.47213595499958
2.0
6.4031242374328485
7.810249675906654
7.810249675906654
6.708203932499369
4.123105625617661
4.47213595499958
3.1622776601683795
3.1622776601683795
7.810249675906654
5.656854249492381
2.23606797749979
5.0
1.4142135623730951
2.0
6.4031242374328485
1.0
4.242640687119285
1.0
6.4031242374328485
2.23606797749979
1.4142135623730951
2.23606797749979
1.4142135623730951
5.0
5.0
5.656854249492381
1.4142135623730951
