3.605551275463989
1.0
5.0
3.605551275463989
3.605551275463989
0.0
2.8284271247461903
2.8284271247461903
2.8284271247461903
2.8284271247461903
1.0
2.0
2.23606797749979
2.23606797749979
2.23606797749979
2.23606797749979
0.0
1.0
0.0
0.0
4.242640687119285
2.0
1.0
2.8284271247461903
1.0
1.0
1.4142135623730951
1.0
1.4142135623730951
1.0
1.0
2.8284271247461903
5.830951894845301
5.830951894845301
3.1622776601683795
2.23606797749979
1.0
1.0
1.4142135623730951
0.0
2.23606797749979
2.23606797749979
1.0
0.0
1.4142135623730951
1.0
1.4142135623730951
2.0
1.4142135623730951
5.385164807134504
5.0
5.0990195135927845
7.211102550927978
6.082762530298219
7.615773105863909
6.324555320336759
7.810249675906654
5.0990195135927845
8.06225774829855
5.385164807134504
8.06225774829855
6.324555320336759
6.708203932499369
7.810249675906654
5.830951894845301
8.94427190999916
9.219544457292887
2.23606797749979
7.211102550927978
8.06225774829855
8.06225774829855
8.602325267042627
6.4031242374328485
7.211102550927978
7.810249675906654
8.94427190999916
7.0710678118654755
7.280109889280518
6.324555320336759
8.602325267042627
9.433981132056603
10.44030650891055
6.324555320336759
3.0
3.0
1.4142135623730951
0.0
4.123105625617661
5.656854249492381
8.06225774829855
9.219544457292887
8.48528137423857
7.0710678118654755
8.602325267042627
10.0
10.816653826391969
12.529964086141668
10.816653826391969
8.06225774829855
7.810249675906654
6.4031242374328485
7.211102550927978
10.0
10.63014581273465
7.810249675906654
7.0710678118654755
2.8284271247461903
4.47213595499958
3.605551275463989
3.1622776601683795
2.0
2.8284271247461903
2.23606797749979
4.242640687119285
3.1622776601683795
3.1622776601683795
2.0
2.23606797749979
1.4142135623730951
2.23606797749979
3.605551275463989
2.23606797749979
1.4142135623730951
4.47213595499958
5.656854249492381
2.8284271247461903
5.656854249492381
6.4031242374328485
7.211102550927978
4.123105625617661
3.605551275463989
4.47213595499958
5.0990195135927845
3.0
2.0
1.0
2.23606797749979
5.0990195135927845
4.0
3.0
4.123105625617661
4.47213595499958
8.94427190999916
5.0
3.1622776601683795
4.0
5.0990195135927845
4.47213595499958
2.23606797749979
2.23606797749979
4.123105625617661
5.385164807134504
3.605551275463989
5.385164807134504
2.8284271247461903
4.47213595499958
1.4142135623730951
2.23606797749979
5.0
7.0710678118654755
8.0
2.23606797749979
1.4142135623730951
1.4142135623730951
3.605551275463989
1.0
2.23606797749979
7.810249675906654
10.0
10.816653826391969
16.64331697709324
13.416407864998739
16.1245154965971
15.652475842498529
14.422205101855956
13.892443989449804
13.892443989449804
11.40175425099138
14.422205101855956
12.806248474865697
12.806248474865697
14.212670403551895
13.892443989449804
16.401219466856727
17.4928556845359
19.313207915827967
16.76305461424021
17.0
16.55294535724685
13.601470508735444
11.40175425099138
15.652475842498529
16.55294535724685
16.15549442140351
16.15549442140351
19.313207915827967
25.709920264364882
10.63014581273465
10.816653826391969
11.40175425099138
12.529964086141668
11.313708498984761
10.63014581273465
7.810249675906654
10.63014581273465
12.206555615733702
6.708203932499369
6.708203932499369
8.246211251235321
9.486832980505138
11.704699910719626
13.0
9.848857801796104
10.770329614269007
8.602325267042627
9.219544457292887
4.123105625617661
6.324555320336759
9.219544457292887
5.830951894845301
7.615773105863909
10.0
6.708203932499369
9.219544457292887
10.0
6.708203932499369
6.708203932499369
9.433981132056603
10.63014581273465
7.0710678118654755
7.810249675906654
7.0710678118654755
7.810249675906654
8.48528137423857
8.602325267042627
10.0
11.40175425099138
9.848857801796104
12.206555615733702
13.038404810405298
13.416407864998739
12.206555615733702
12.529964086141668
14.422205101855956
10.770329614269007
9.433981132056603
5.830951894845301
5.656854249492381
3.605551275463989
4.47213595499958
7.810249675906654
7.615773105863909
4.47213595499958
5.656854249492381
5.0990195135927845
5.385164807134504
3.1622776601683795
3.605551275463989
8.48528137423857
3.605551275463989
3.605551275463989
1.4142135623730951
4.47213595499958
5.0990195135927845
5.385164807134504
5.385164807134504
3.605551275463989
4.242640687119285
4.47213595499958
4.47213595499958
1.0
2.8284271247461903
4.47213595499958
4.47213595499958
3.1622776601683795
2.8284271247461903
2.0
5.0
4.123105625617661
8.06225774829855
5.385164807134504
5.656854249492381
5.0
5.0
5.656854249492381
4.242640687119285
5.656854249492381
5.0
2.23606797749979
5.830951894845301
5.656854249492381
6.4031242374328485
5.656854249492381
6.4031242374328485
4.242640687119285
5.0
6.324555320336759
3.1622776601683795
6.324555320336759
6.324555320336759
6.708203932499369
5.830951894845301
6.708203932499369
7.211102550927978
4.47213595499958
3.1622776601683795
2.8284271247461903
2.0
2.23606797749979
2.23606797749979
2.23606797749979
3.0
2.0
2.23606797749979
1.4142135623730951
2.23606797749979
2.23606797749979
1.0
2.23606797749979
2.23606797749979
2.23606797749979
0.0
1.4142135623730951
1.4142135623730951
3.1622776601683795
1.0
2.23606797749979
0.0
1.0
1.0
1.0
0.0
3.1622776601683795
2.23606797749979
4.123105625617661
3.0
5.0990195135927845
5.385164807134504
2.23606797749979
3.605551275463989
3.605551275463989
2.23606797749979
2.23606797749979
2.23606797749979
2.23606797749979
2.23606797749979
3.1622776601683795
3.0
3.1622776601683795
4.47213595499958
3.1622776601683795
4.47213595499958
5.385164807134504
5.0
4.47213595499958
5.385164807134504
5.830951894845301
5.830951894845301
6.324555320336759
5.0990195135927845
6.324555320336759
7.810249675906654
5.830951894845301
12.041594578792296
11.180339887498949
13.45362404707371
16.278820596099706
19.849433241279208
24.839484696748443
29.732137494637012
30.610455730027933
39.408120990476064
38.600518131237564
