86.58008658008657
88.1542699724518
88.1542699724518
90.9090909090909
88.23529411764706
90.9090909090909
90.9090909090909
90.9090909090909
88.23529411764706
90.9090909090909
90.9090909090909
90.9090909090909
86.36363636363636
90.9090909090909
90.9090909090909
88.23529411764706
90.9090909090909
90.9090909090909
88.23529411764706
90.9090909090909
88.23529411764706
90.9090909090909
90.9090909090909
88.23529411764706
90.9090909090909
90.9090909090909
90.9090909090909
90.9090909090909
90.9090909090909
81.28342245989305
76.20320855614973
59.893048128342244
39.705882352941174
16.0427807486631
0.0
0
0
0
0
61.36363636363637
69.78609625668449
90.9090909090909
88.23529411764706
88.23529411764706
88.23529411764706
88.23529411764706
88.23529411764706
88.23529411764706
88.23529411764706
90.9090909090909
90.9090909090909
88.23529411764706
88.23529411764706
90.9090909090909
81.28342245989305
81.98757763975155
90.1863354037267
92.9192546583851
92.9192546583851
90.1863354037267
92.9192546583851
90.1863354037267
92.9192546583851
92.9192546583851
90.1863354037267
92.9192546583851
90.1863354037267
90.1863354037267
90.1863354037267
92.9192546583851
88.69565217391305
92.9192546583851
90.1863354037267
90.1863354037267
92.9192546583851
92.9192546583851
90.1863354037267
90.1863354037267
92.9192546583851
86.08695652173914
82.1256038647343
86.23188405797102
90.33816425120773
84.472049689441
80.24844720496894
80.24844720496894
81.98757763975155
77.88819875776397
83.47826086956522
87.45341614906832
86.23188405797102
83.69565217391305
82.1256038647343
78.01932367149759
73.91304347826086
73.91304347826086
69.80676328502415
65.70048309178745
61.59420289855072
61.59420289855072
57.48792270531401
53.3816425120773
68.91891891891892
68.91891891891892
63.06306306306306
63.06306306306306
63.06306306306306
52.702702702702695
43.35585585585586
39.414414414414416
35.47297297297297
32.432432432432435
25.32894736842105
47.368421052631575
43.42105263157895
43.42105263157895
47.368421052631575
46.05263157894737
47.368421052631575
51.31578947368421
51.31578947368421
59.210526315789465
61.40350877192983
63.1578947368421
63.1578947368421
67.10526315789474
77.89473684210526
81.78947368421052
84.0
81.78947368421052
80.0
68.2051282051282
76.73076923076924
87.6923076923077
87.6923076923077
87.6923076923077
87.6923076923077
87.6923076923077
87.6923076923077
87.6923076923077
87.6923076923077
87.6923076923077
87.6923076923077
87.28205128205128
91.07692307692308
89.64102564102564
89.64102564102564
93.53846153846153
93.53846153846153
91.07692307692308
87.28205128205128
93.53846153846153
93.53846153846153
89.64102564102564
89.64102564102564
73.07692307692307
73.07692307692307
69.42307692307692
87.6923076923077
87.6923076923077
87.6923076923077
87.6923076923077
87.6923076923077
84.03846153846153
80.38461538461539
92.07692307692308
81.82692307692308
92.07692307692308
87.69230769230768
83.3076923076923
69.42307692307692
83.3076923076923
64.03846153846153
92.07692307692308
92.07692307692308
87.6923076923077
87.6923076923077
87.6923076923077
87.6923076923077
87.6923076923077
87.6923076923077
87.6923076923077
87.6923076923077
87.6923076923077
87.6923076923077
85.38461538461539
87.6923076923077
87.6923076923077
87.6923076923077
87.6923076923077
87.6923076923077
87.6923076923077
87.6923076923077
87.6923076923077
87.6923076923077
90.33423667570008
90.33423667570008
93.94760614272809
93.94760614272809
91.59891598915989
91.59891598915989
84.5528455284553
90.33423667570008
88.07588075880759
86.72086720867209
84.5528455284553
86.72086720867209
84.5528455284553
86.72086720867209
91.59891598915989
88.07588075880759
88.07588075880759
86.72086720867209
90.33423667570008
88.07588075880759
86.72086720867209
84.65608465608466
84.65608465608466
84.65608465608466
84.65608465608466
81.12874779541445
91.71075837742504
84.65608465608466
49.41860465116279
39.8671096345515
45.048701298701296
65.90038314176245
52.720306513409966
36.24521072796935
19.770114942528735
6.743295019157087
3.218390804597701
0
0
88.53820598006644
90.69767441860465
88.63636363636364
74.17624521072797
77.5478927203065
85.6704980842912
83.19805194805194
95.45454545454545
95.45454545454545
92.04545454545455
95.45454545454545
95.45454545454545
92.04545454545455
95.45454545454545
83.67816091954023
91.0344827586207
92.26053639846742
94.40613026819923
94.40613026819923
88.96551724137932
92.26053639846742
89.27536231884058
89.27536231884058
89.27536231884058
89.27536231884058
89.36170212765957
91.34751773049645
91.34751773049645
89.36170212765957
92.74193548387096
84.67741935483872
89.9234693877551
91.83673469387756
88.01020408163265
88.77551020408163
88.01020408163265
86.92602040816327
88.01020408163265
88.77551020408163
83.375
87.0
90.0
90.0
90.0
93.16696375519905
95.06833036244801
93.16696375519905
95.06833036244801
93.16696375519905
92.3076923076923
94.11764705882352
92.3076923076923
92.3076923076923
94.11764705882352
93.54497354497354
93.54497354497354
93.54497354497354
93.54497354497354
95.37662337662339
90.85714285714286
92.57142857142857
93.6103896103896
90.85714285714286
91.07142857142857
91.07142857142857
91.07142857142857
91.07142857142857
93.88335704125178
95.59032716927453
92.17638691322901
95.59032716927453
91.27548601232812
93.88335704125178
93.10344827586206
94.73684210526315
93.10344827586206
93.10344827586206
93.10344827586206
91.7094017094017
91.7094017094017
94.18803418803418
94.18803418803418
82.62295081967214
93.44262295081968
91.88524590163935
93.44262295081968
91.88524590163935
91.88524590163935
90.32786885245902
88.26945412311265
88.26945412311265
88.26945412311265
84.60365853658537
82.3170731707317
84.60365853658537
94.51219512195121
94.51219512195121
94.51219512195121
94.51219512195121
92.14939024390245
94.51219512195121
92.14939024390245
94.51219512195121
94.51219512195121
92.14939024390245
92.14939024390245
94.51219512195121
92.14939024390245
88.26945412311265
88.26945412311265
88.26945412311265
88.26945412311265
88.26945412311265
88.26945412311265
88.26945412311265
88.26945412311265
88.26945412311265
88.26945412311265
88.26945412311265
94.51219512195121
94.51219512195121
94.51219512195121
92.14939024390245
94.51219512195121
94.51219512195121
94.51219512195121
94.51219512195121
92.14939024390245
90.66310975609755
89.37728937728939
98.30508474576271
95.84745762711864
93.38983050847457
90.93220338983052
90.93220338983052
90.93220338983052
93.38983050847457
91.77966101694915
93.38983050847457
89.36440677966102
84.53389830508475
84.53389830508475
83.55932203389831
88.47457627118645
88.47457627118645
90.93220338983052
90.93220338983052
82.06896551724138
86.89655172413792
95.0
89.12466843501326
94.87179487179486
97.43589743589743
82.67020335985853
94.87179487179486
86.59469185784975
95.72649572649573
81.62511542012926
91.41274238227147
93.04511278195488
91.35338345864662
93.04511278195488
83.0827067669173
83.0827067669173
76.69172932330827
88.61003861003861
