92.43697478991596
80.67226890756302
83.19327731092437
85.15406162464986
83.19327731092437
80.67226890756302
87.81512605042016
80.67226890756302
83.19327731092437
80.67226890756302
85.15406162464986
80.67226890756302
80.67226890756302
85.15406162464986
82.49299719887955
80.67226890756302
95.23809523809523
95.23809523809523
95.23809523809523
95.23809523809523
95.23809523809523
95.23809523809523
95.23809523809523
95.23809523809523
95.23809523809523
95.23809523809523
95.23809523809523
95.23809523809523
95.23809523809523
95.23809523809523
95.23809523809523
95.23809523809523
95.23809523809523
95.23809523809523
95.23809523809523
95.23809523809523
95.23809523809523
95.23809523809523
95.23809523809523
92.51700680272108
92.51700680272108
92.51700680272108
92.51700680272108
92.51700680272108
92.51700680272108
92.51700680272108
95.23809523809523
95.23809523809523
95.23809523809523
100.0
100.0
95.45454545454545
95.45454545454545
86.36363636363636
90.9090909090909
90.9090909090909
86.36363636363636
86.36363636363636
95.23809523809523
95.23809523809523
90.47619047619048
95.23809523809523
95.23809523809523
90.47619047619048
90.47619047619048
95.23809523809523
95.23809523809523
95.23809523809523
95.23809523809523
95.23809523809523
100.0
100.0
100.0
100.0
100.0
100.0
85.85858585858585
90.9090909090909
88.38383838383838
88.38383838383838
92.72727272727272
83.11688311688312
80.51948051948052
83.53808353808354
83.53808353808354
81.08108108108108
81.3397129186603
94.73684210526315
81.3397129186603
81.3397129186603
81.3397129186603
81.3397129186603
87.87185354691074
93.36384439359267
85.1258581235698
86.45962732919254
92.4223602484472
88.38874680306905
86.63101604278074
17.326203208556148
10.16042780748663
3.1168831168831166
0.0
56.1038961038961
59.863945578231295
76.19047619047619
76.19047619047619
76.19047619047619
76.19047619047619
84.35374149659864
84.35374149659864
87.07482993197279
89.6358543417367
89.6358543417367
89.6358543417367
89.6358543417367
89.6358543417367
89.6358543417367
89.6358543417367
89.6358543417367
89.6358543417367
89.6358543417367
89.6358543417367
89.6358543417367
89.6358543417367
89.6358543417367
89.6358543417367
92.35209235209236
89.6358543417367
89.6358543417367
89.6358543417367
89.6358543417367
89.6358543417367
89.6358543417367
89.6358543417367
89.6358543417367
89.6358543417367
89.6358543417367
89.6358543417367
89.6358543417367
89.6358543417367
89.6358543417367
89.6358543417367
89.6358543417367
89.6358543417367
89.6358543417367
89.6358543417367
89.6358543417367
89.6358543417367
89.6358543417367
