73.71007371007371
79.25307125307124
66.04422604422604
79.25307125307124
77.16746411483253
80.72072072072072
80.72072072072072
80.72072072072072
80.72072072072072
68.53646098929119
78.81693013768485
78.81693013768485
80.33264033264034
80.33264033264034
80.33264033264034
80.33264033264034
74.5945945945946
74.5945945945946
74.5945945945946
74.5945945945946
63.888888888888886
78.85714285714285
81.1764705882353
81.1764705882353
81.1764705882353
77.6470588235294
77.6470588235294
77.6470588235294
77.6470588235294
79.16955017301038
79.16955017301038
79.16955017301038
63.437139561707035
63.437139561707035
76.90756302521008
76.90756302521008
80.75294117647059
80.75294117647059
80.75294117647059
80.75294117647059
73.30909090909091
73.30909090909091
73.30909090909091
75.6
75.6
75.6
75.6
75.6
85.8
79.2
67.93943383805134
79.94733377221857
60.82949308755761
69.67741935483872
56.451612903225815
71.12903225806453
56.451612903225815
74.51612903225806
54.90734385724091
64.22872340425532
54.90734385724091
60.5353466026081
61.06382978723405
58.08510638297872
63.97163120567376
55.072463768115945
55.072463768115945
83.4782608695652
59.34782608695652
56.2962962962963
56.2962962962963
53.86973180076629
62.668665667166415
56.52173913043478
54.12293853073463
48.642699926632424
63.38958180484226
62.59437199725463
64.51612903225805
51.61290322580645
56.575682382134
51.61290322580645
60.72106261859582
66.04344963791968
66.04344963791968
66.04344963791968
66.04344963791968
66.04344963791968
66.04344963791968
60.8294930875576
46.08294930875576
47.39960500329164
56.87952600394997
42.65964450296247
40.28966425279789
37.91968400263331
33.17972350230415
37.91968400263331
45.02962475312706
47.39960500329164
49.76958525345622
47.39960500329164
43.62244897959184
42.410714285714285
50.89285714285714
63.97959183673469
67.3469387755102
69.5194206714944
69.5194206714944
75.83936800526662
77.41935483870968
75.0
75.0
75.0
77.14285714285715
77.14285714285715
74.8051948051948
72.60504201680672
72.60504201680672
72.60504201680672
68.57142857142857
70.39999999999999
70.39999999999999
66.94054054054054
66.94054054054054
74.2054054054054
72.51891891891891
71.09697933227345
56.968733439321674
71.35135135135135
71.9496855345912
70.00509943906171
70.00509943906171
73.18714941356451
71.83183183183183
71.83183183183183
70.52579852579854
70.52579852579854
79.25307125307124
79.25307125307124
79.25307125307124
77.83783783783784
56.96969696969697
65.45454545454545
81.45454545454547
81.45454545454547
65.45454545454545
79.99999999999999
83.33333333333333
83.33333333333333
84.84848484848486
68.18181818181817
90.90909090909089
67.66917293233082
91.83673469387755
74.28571428571429
95.51020408163264
95.51020408163264
87.71929824561404
79.0643274853801
76.0233918128655
91.22807017543859
91.22807017543859
91.22807017543859
81.0916179337232
84.21052631578947
83.3976833976834
66.12685560053981
62.61808367071525
61.943319838056674
47.50337381916329
55.172413793103445
48.49302744039586
49.602122015915114
53.05039787798409
55.53539019963702
54.11140583554377
60.87533156498674
53.05039787798409
57.47126436781609
57.47126436781609
54.155614500442084
54.11140583554377
49.823165340406725
46.41909814323608
41.37931034482759
47.745358090185675
47.3474801061008
48.275862068965516
54.907161803713535
60.87533156498674
50.57471264367817
47.3474801061008
48.275862068965516
48.275862068965516
40.58355437665783
25.287356321839084
63.12997347480106
62.06896551724138
60.87533156498674
57.47126436781609
61.8921308576481
62.977957714799814
70.29177718832891
62.977957714799814
58.47953216374269
72.8744939271255
72.8744939271255
69.2757534862798
65.58704453441295
59.60413855150697
56.14035087719298
60.81871345029239
58.47953216374269
67.10526315789474
65.78947368421053
80.12218045112782
73.59022556390977
65.78947368421053
73.30827067669173
68.42105263157895
62.17105263157895
67.10526315789474
61.16116116116116
58.80880880880881
67.56756756756756
67.56756756756756
60.06006006006006
57.55755755755756
65.86586586586587
64.46446446446447
65.86586586586587
63.51351351351351
62.16216216216216
61.16116116116116
57.55755755755756
54.054054054054056
57.52167261601224
53.45945945945946
51.13513513513514
49.945945945945944
53.45945945945946
52.32432432432432
47.67567567567568
54.7027027027027
57.08108108108109
67.13513513513514
68.10810810810811
64.64864864864865
64.64864864864865
59.72222222222222
60.0
66.44444444444444
64.69907407407408
69.21296296296296
67.70833333333334
79.44444444444444
64.69907407407408
57.870370370370374
66.20370370370371
66.20370370370371
70.0
58.35866261398176
58.57321652065082
58.57321652065082
58.57321652065082
64.82213438735178
64.82213438735178
66.40316205533597
66.40316205533597
75.88932806324111
64.64646464646465
64.64646464646465
64.64646464646465
71.1111111111111
59.25925925925925
71.1111111111111
57.77777777777777
71.1111111111111
52.77777777777778
69.66666666666667
56.52777777777778
58.05555555555556
57.8125
57.8125
59.375
57.8125
59.375
71.25
56.25
57.8125
56.25
57.8125
56.25
59.15697674418605
52.32558139534884
49.107142857142854
55.29953917050692
51.61290322580645
51.61290322580645
51.61290322580645
53.2258064516129
51.61290322580645
51.28205128205128
54.59057071960298
56.24483043837883
62.27106227106227
72.85714285714285
72.85714285714285
72.85714285714285
72.85714285714285
72.85714285714285
72.85714285714285
72.85714285714285
72.85714285714285
82.59109311740889
72.85714285714285
72.85714285714285
72.85714285714285
78.46153846153847
78.46153846153847
78.46153846153847
78.46153846153847
78.46153846153847
78.46153846153847
78.46153846153847
78.46153846153847
78.46153846153847
78.46153846153847
78.46153846153847
82.59109311740889
82.59109311740889
74.64285714285714
90.51428571428572
70.71428571428572
73.82857142857144
64.11428571428571
64.76190476190476
91.42857142857143
88.57142857142857
88.57142857142857
94.11764705882354
80.88235294117648
94.11764705882354
80.88235294117648
80.88235294117648
76.83823529411765
79.16666666666666
84.70588235294117
64.58333333333334
70.58823529411765
64.39393939393939
60.60606060606061
62.247474747474755
64.39393939393939
60.60606060606061
58.58585858585859
58.58585858585859
56.81818181818182
62.62626262626263
56.81818181818182
51.13636363636363
61.36363636363637
45.059288537549406
45.45454545454545
30.434782608695656
22.529644268774703
15.678524374176547
6.324110671936759
0.0
0.922266139657444
0
0
